BJDtdb1 BJDtdb2 ZB
2455427 0.788024819890195 0.0000698855476000126
2455427 0.789019889319716 0.0000698773075891168
2455427 0.790026959670889 0.0000698689446745338
2455427 0.791439058365376 0.0000698571790320734
2455427 0.79238812466877 0.0000698492459816347
2455427 0.793361192357989 0.0000698410914108383
2455427 0.794576277385431 0.000069830879371624
2455427 0.795548345212162 0.000069822686646015
2455427 0.796914440745103 0.000069811138863507
2455428 0.852728079405093 0.0000683420452149974
2455428 0.853711146386954 0.0000683330177000396
2455428 0.854707214580051 0.0000683238686285392
2455428 0.855830291243378 0.0000683135507453247
2455428 0.856790356683817 0.0000683047289464778
2455428 0.857739421513563 0.0000682960071454186
2455428 0.858874499056461 0.00006828557488614
2455428 0.859811562957271 0.0000682769620090617
2455429 0.886062115290343 0.0000670451372526415
2455429 0.887057181893265 0.0000670361070722603
2455429 0.888203258594512 0.000067025718168523
2455429 0.88915232221054 0.0000670171249388396
2455429 0.890298399355739 0.000067006760112065
2455429 0.891247462953785 0.0000669981874910075
2455430 0.84944747514356 0.0000663717189706148
2455430 0.85044354138319 0.0000663625316745797
2455430 0.851542614068595 0.0000663523925441556
2455430 0.852503677933119 0.0000663435253966949
2455430 0.853707757664101 0.0000663324150103062
2455430 0.854644820200482 0.0000663237679761064
2455431 0.849247286863623 0.0000653460775095205
2455431 0.850567372924941 0.0000653338734881714
2455431 0.852060470424607 0.0000653200687414923
2455431 0.854270614833619 0.0000652996341794498
2455431 0.855694707950213 0.0000652864686061516
2455431 0.856736775996477 0.0000652768361164568
2455435 0.815551198834961 0.0000613699017775193
2455435 0.816547260092802 0.0000613607288748597
2455435 0.817808337522903 0.0000613491037460001
2455435 0.81876939611359 0.0000613402359463944
2455435 0.820783520077696 0.0000613216292764118
2455435 0.821732578280472 0.0000613128520039474
2455436 0.85039390364094 0.0000599294729239919
2455436 0.851377962653587 0.0000599203091045108
2455436 0.852651039077586 0.0000599084596726307
2455436 0.856263255452227 0.0000598748793974035
2455436 0.857200311472197 0.0000598661795347954
2455436 0.858253374379905 0.0000598564088254427
2455437 0.802823565015123 0.000059237592336947
2455437 0.80383062465169 0.0000592283534832649
2455437 0.804941690298734 0.0000592181480318921
2455437 0.805913747809554 0.0000592092090416774
2455437 0.807013812933156 0.0000591990816161125
2455437 0.807974869923372 0.0000591902244440057
2455438 0.865246574363188 0.0000575048163167224
2455438 0.866242631771413 0.0000574956486145695
2455438 0.867341695177846 0.0000574855449861911
2455438 0.868302750055683 0.0000574767208232352
2455438 0.869425815003393 0.0000574664222419141
2455438 0.870362868766698 0.0000574578405243553
2455439 0.900004717866315 0.0000560239479450164
2455439 0.901000773334202 0.0000560153680335684
2455439 0.902111835877677 0.0000560058233514127
2455439 0.903071889503014 0.000055997598210622
2455439 0.904194952324378 0.0000559880030970294
2455439 0.90513300499913 0.0000559800109132258
2455582 0.535762812446531 -0.0000902529000896823
2455582 0.53687371202217 -0.000090259872892573
2455582 0.537961613723797 -0.0000902666643119998
2455582 0.539037516875529 -0.00009027334445455
2455582 0.540114419704623 -0.0000902799942553711
2455582 0.541202321384418 -0.0000902866745169373
2455584 0.54207700174189 -0.0000895829416701632
2455584 0.543152905629528 -0.0000895892238808038
2455584 0.544217810179361 -0.0000895954031105983
2455584 0.545317711620424 -0.0000896017446185837
2455584 0.546416612903714 -0.0000896080386401099
2455584 0.547550511543072 -0.000089614489055645
2455588 0.536586998866709 -0.0000878134387181095
2455588 0.537686902268087 -0.0000878195218809719
2455588 0.538773806938295 -0.0000878254910682275
2455588 0.539885708898289 -0.0000878315539291075
2455588 0.540961614670679 -0.0000878373782239317
2455786 0.84781964945542 0.0000749748614312651
2455786 0.848803723273918 0.0000749661279202396
2455786 0.849821799425768 0.0000749570824112311
2455786 0.85084087588382 0.0000749480179291773
2455786 0.851835950351199 0.0000749391575276537
2455788 0.767880560004061 0.0000739465656376392
2455788 0.76906164724872 0.0000739379329810497
2455788 0.770114725441803 0.0000739301983490037
2455788 0.771156802031206 0.000073922509933988
2455788 0.772197879229587 0.000073914794830765
2455790 0.933997995580265 0.0000707421187371438
2455790 0.940907483931589 0.0000706843213398312
2455790 0.942076566849015 0.0000706746463898789
2455790 0.943118640511356 0.000070666049015955
2455794 0.896680224718534 0.000067275704578762
2455794 0.897780298716543 0.0000672658539322413
2455794 0.898844370473853 0.0000672563402999149
2455794 0.899921442495786 0.0000672467254834164
2455794 0.900997515131053 0.0000672371350978196
2455801 0.848144525246426 0.0000602887631457882
2455801 0.84926659305237 0.0000602782941196978
2455801 0.850354658538361 0.000060268146050424
2455801 0.851454724827854 0.0000602578902000328
2455801 0.852565792085463 0.0000602475364612776
2455843 0.809104683463396 0.00000148594517357381
2455843 0.810146685031035 0.00000147690709351167
2455843 0.811176686480213 0.00000146800094591448
2455843 0.812206687920232 0.00000145912279236882
2455843 0.813248689459966 0.00000145017000052761
2455845 0.748202951155918 -0.0000010884039145509
2455845 0.749464950078123 -0.00000110058718638673
2455845 0.750737948358051 -0.00000111286171355918
2455845 0.75184894743268 -0.00000112356143699976
2455850 0.810377702526511 -0.00000950231022833758
2455850 0.811419692644724 -0.00000951074049460043
2455850 0.812484682477663 -0.00000951932135284661
2455850 0.813525672347265 -0.00000952767386863673
2455850 0.814567662439104 -0.00000953599949660155
2455852 0.761908785852303 -0.0000122206064157027
2455852 0.762996772925389 -0.0000122306031843378
2455852 0.764073759339953 -0.0000122404761492279
2455852 0.765149746447009 -0.0000122503169969201
2455852 0.766225733077834 -0.0000122601345181605
2455957 0.546752278493633 -0.0000857689079616364
2455957 0.54837213977993 -0.0000857764026823693
2455957 0.551797845914119 -0.000085791904546384
2456094 0.940187405950849 0.0000826848205850439
2456141 0.920162373442528 0.0000816853879515023
2456141 0.921273464041799 0.0000816756394419471
2456141 0.922419557522452 0.0000816655898756569
2456141 0.923576652206491 0.00008165545057226
2456141 0.924711744914926 0.0000816455111192216
2456146 0.901268238453007 0.0000786032165529527
2456146 0.90504153507562 0.000078569632192993
2456146 0.907946763303115 0.0000785438091135404
2456146 0.910759984462158 0.0000785188411516202
2456146 0.91334118696907 0.0000784959709645427
2456148 0.88097160548878 0.0000773281311490237
2456148 0.882221702355054 0.0000773169385990258
2456148 0.883505801629165 0.0000773054383405025
2456148 0.884779900039351 0.0000772940250448606
2456173 0.790541585538222 0.000052808485971001
2456173 0.791698646368651 0.0000527977343771635
2456173 0.792856707479885 0.0000527869603990094
2456173 0.794002768319548 0.0000527762856634695
2456283 0.545862927740571 -0.0000877652449176036
2456283 0.54739079362928 -0.0000877783479662497
2456283 0.548721676921111 -0.0000877897439230946
2456283 0.549925571079052 -0.0000878000376012267
2456283 0.551476435303029 -0.0000878132761794603
2456285 0.593888662501517 -0.0000890894922502827
2456285 0.595046559308858 -0.0000890982791913464
2456285 0.596203456420339 -0.0000891070242040604
2456285 0.597360353056103 -0.0000891157344470317
2456285 0.598483252918548 -0.0000891241550663446
2456501 0.943614142595033 0.0000843482250905137
2456501 0.944726236478774 0.0000843386752802378
2456501 0.945848330805718 0.0000843290493262039
2456501 0.946948423564839 0.0000843196220436937
2456501 0.948024514572905 0.0000843104103704917
2456502 0.924102813380462 0.0000840389543321773
2456502 0.925247909711892 0.0000840289996935084
2456502 0.926394005890717 0.0000840190393731621
2456502 0.927552103157711 0.0000840089783149534
2456502 0.92875520430317 0.0000839985306131386
2456504 0.927452298487241 0.0000829802749107156
2456504 0.930276532893087 0.000082955682155772
2456507 0.947330772235092 0.0000810785059566221
2456507 0.948395858547291 0.0000810694259902878
2456507 0.949471946058191 0.0000810602683716244
2456507 0.950560034157633 0.000081051025514034
2456509 0.946346322602298 0.0000798101657402128
2456509 0.947353402958833 0.0000798015932488294
2456509 0.948372484355732 0.0000797929344373838
2456509 0.949367563646045 0.0000797844952502569
2456509 0.950386645025538 0.0000797758688901862
2456552 0.763687466804673 0.0000346023940143159
2456552 0.764844507037393 0.0000345913253367858
2456552 0.766198553941177 0.0000345783609860817
2456552 0.7678656114705 0.0000345623845057208
2456552 0.769277660315357 0.0000345488398496574
2456606 0.653901286869606 -0.0000466017365404747
2456606 0.655070232681427 -0.0000466128993522608
2456606 0.656181180742306 -0.0000466235008558247
2456606 0.657280129259556 -0.0000466339802536186
2456867 0.890641291514873 0.0000844724998392277
2456867 0.918375631241918 0.0000842322308838295
2456867 0.922368967449958 0.0000841974609286922
2456883 0.887653184483595 0.0000736303318613629
2456883 0.888741264965801 0.000073620501424454
2456883 0.889783341700523 0.0000736110910468657
2456883 0.890836419086072 0.0000736015861149131
2457028 0.570656989424565 -0.0000922658053630343
2457028 0.571859878514506 -0.0000922741303370778
2457028 0.57305176875852 -0.0000922823378224358
2457028 0.574220660707322 -0.0000922903465019331
2457205 0.946834661436652 0.0000881973309594386
2457205 0.947852751062554 0.0000881894687876361
2457205 0.94888284183012 0.0000881814992661489
2457206 0.946621581762925 0.0000883687822597068
2457206 0.947686675841801 0.0000883604975032704
2457206 0.948739769225824 0.000088352291449878
2457268 0.86780628446778 0.0000530483544911586
2457268 0.869021349097846 0.0000530372850557903
2457268 0.870202411652341 0.0000530265459819379
2457327 0.723348242866317 -0.0000334203157702495
2457327 0.724505203933938 -0.0000334308614113876
2457327 0.72565116597183 -0.000033441281084956
2457327 0.726832126395358 -0.0000334519917263298
2457395 0.572310366857727 -0.0000924819232678287
2457395 0.57372223632228 -0.0000924913492547086
2457395 0.575099108977061 -0.0000925004824652298
2457620 0.820819031054163 0.0000682087835599532
2457620 0.824604288917766 0.0000681748117281611
2457626 0.878041024802377 0.0000614448901374853
2457626 0.879071088023526 0.0000614355082477758
2457626 0.880090150708292 0.0000614262386642306
2457626 0.881189217975624 0.0000614162552363684
2457626 0.882266284178976 0.0000614064860393615
2457626 0.8834583576108 0.0000613956907857816
2458355 0.909373577647214 0.0000627093032798953
2458355 0.910194629104215 0.0000627021981338682
2458355 0.911005679852159 0.0000626951927853447
2458355 0.911803729913165 0.0000626883127416988
2458355 0.912613780812395 0.0000626813425974593
2458355 0.913424831543441 0.0000626743774927441
2458355 0.914234882431395 0.0000626674347594669
2458355 0.915044933313731 0.000062660505960821
2458355 0.91585498419046 0.0000626535912564563
2458675 0.945771239647227 0.0000887869760639592
2458675 0.94756539909871 0.000088772275411042
2458675 0.94932455491742 0.0000887578415309509
2458675 0.950968701257819 0.0000887443349424366
2458675 0.952472834551267 0.0000887319659672592
2458679 0.94291897475039 0.0000884203297744079
2458679 0.943729046493392 0.0000884135846115353
2458679 0.944528117407388 0.0000884069283355604
2458679 0.94533818867383 0.0000884001778485022
2458679 0.946160261552773 0.0000883933248720936
2458680 0.942671202319738 0.0000882668993955615
2458680 0.943470272650822 0.0000882602199041571
2458680 0.944268343113537 0.000088253546577155
2458680 0.945067413899653 0.0000882468628555788
2458680 0.945877485502136 0.0000882400852171283
2458704 0.888516976591144 0.0000777371169982111
2458704 0.88944304865075 0.0000777288218625216
2458704 0.89033411794829 0.0000777208399771467
2458704 0.89122618709121 0.0000777128490938583
2458704 0.892117256374518 0.0000777048673563652
2458704 0.893019326356448 0.0000776967875106838
2458704 0.893922396649257 0.0000776886993780757
2458704 0.89484846866403 0.0000776804061868308
2458704 0.895763539499964 0.000077672212710711
2458704 0.896677610941654 0.0000776640296220599
2458707 0.840780201026745 0.0000758321899143599
2458707 0.841752274695621 0.0000758236920672672
2458707 0.842678344983492 0.0000758155847921937
2458707 0.843570412427009 0.0000758077647424749
2458707 0.844507483384986 0.0000757995393840805
2458707 0.845456555336292 0.0000757911976709824
2458707 0.846394626594995 0.0000757829420185985
2458707 0.84734369853054 0.0000757745790709308
2458707 0.84831577214338 0.0000757660027927987
2458707 0.849299846748513 0.00007575730995657
2458707 0.850259919344025 0.0000757488190801237
2458710 0.904722756189966 0.0000727475357862328
2458710 0.905776832984905 0.0000727381282645823
2458710 0.906725902030882 0.0000727296675475664
2458710 0.907639968489424 0.0000727215277542825
2458710 0.908531033325503 0.0000727136014195828
2458710 0.909446100082551 0.0000727054706830543
2458737 0.791686564541977 0.0000433412398084254
2458737 0.792901617382632 0.0000433296478352663
2458737 0.794105669415944 0.0000433181562842222
2458737 0.795285720678647 0.0000433068899738931
2458737 0.796489772684555 0.0000432953911793099
2458737 0.797681824531345 0.0000432840042186022
2458737 0.79887387589888 0.0000432726150625395
