2455666.771898
2455666.772847
2455666.773785
2455666.774734
2455666.775671
2456087.63544
2456087.636609
2456087.638194
2456087.639884
2456087.641308
2456089.541748
2456089.543102
2456089.544236
2456089.545278
2456089.546296
2456089.568877
2456089.569942
2456089.571076
2456089.572153
2456089.573183
2456089.574248
2456089.575312
2456089.576343
2456089.577361
2456089.578368
2456359.799317
2456359.800833
2456359.802674
2456359.804606
2456359.806273
2456359.816852
2456359.817882
2456359.818935
2456359.82
2456359.821273
2456503.569132
2456503.570324
2456503.571435
2456503.572477
2456503.573507
2458592.697743
2458592.698495
2458592.699236
2458592.699977
2458592.700718
2458592.701481
2458592.702222
2458592.702963
2458592.703704
2458592.704444
2458675.592315
2458675.593067
2458675.593831
2458675.594595
2458675.59537
2458675.596123
2458675.596863
2458675.597616
2458675.598356
2458675.599109
2458676.450324
2458676.451146
2458676.451887
2458676.452627
2458676.453356
2458676.454097
2458676.454826
2458676.455579
2458676.456319
2458676.45706
2458677.45265
2458677.453461
2458677.454213
2458677.454942
2458677.455683
2458677.456412
2458677.457697
2458677.458438
2458677.459213
2458677.459977
2458677.460729
2458678.515012
2458678.516076
2458678.51684
2458678.517604
2458678.518368
2458678.519132
2458678.519896
2458678.520671
2458678.521424
2458678.522199
2458679.45147
2458679.452373
2458679.453275
2458679.454039
2458679.454826
2458679.45559
2458679.456366
2458679.45713
2458679.457894
2458679.458657
2458680.451701
2458680.453611
2458680.454421
2458680.455498
2458680.456516
2458680.457326
2458680.458148
2458680.459051
2458680.459861
2458681.449699
2458681.450799
2458681.451551
2458681.452292
2458681.453044
2458681.453796
2458681.45456
2458681.455312
2458681.456053
2458681.456806
2458682.462917
2458682.46375
2458682.464502
2458682.465255
2458682.465995
2458682.466748
2458682.467488
2458682.468241
2458682.468981
2458682.469734
2458683.449363
2458683.450324
2458683.451157
2458683.45191
2458683.452662
2458683.453414
2458683.454155
2458683.454907
2458683.45566
2458683.456412
2458684.453102
2458684.453981
2458684.454734
2458684.455486
2458684.45625
2458684.457002
2458684.457766
2458684.458519
2458684.459271
2458684.460035
2458685.453889
2458685.454873
2458685.455625
2458685.456389
2458685.457164
2458685.457917
2458685.458681
2458685.459433
2458685.460197
2458685.460938
2458703.460833
2458703.461678
2458703.462685
2458703.463437
2458703.464178
2458703.464942
2458703.465694
2458703.466435
2458703.467199
2458703.46794
2458704.45147
2458704.452361
2458704.453113
2458704.453866
2458704.454618
2458704.455359
2458704.456123
2458704.456863
2458704.457616
2458704.45838
2458705.456586
2458705.457431
2458705.458194
2458705.458958
2458705.459711
2458705.460463
2458705.461215
2458705.461968
2458705.462731
2458705.463484
2458706.452963
2458706.453785
2458706.454537
2458706.455289
2458706.456042
2458706.456794
2458706.457558
2458706.45831
2458706.459062
2458706.459815
2458707.464178
2458707.465012
2458707.465764
2458707.466516
2458707.46728
2458707.468044
2458707.468808
2458707.46956
2458707.470324
2458707.471088
2458708.461204
2458708.464965
2458708.465706
2458708.466875
2458708.467801
2458708.468553
2458708.469306
2458708.470069
2458708.470833
2458708.471574
2458708.472338
2458708.47309
2458709.457975
2458709.458785
2458709.459537
2458709.460278
2458709.461019
2458709.461759
2458709.4625
2458709.463252
2458709.463993
2458709.464757
2458710.458287
2458710.459144
2458710.459896
2458710.460648
2458710.4614
2458710.462164
2458710.462917
2458710.463669
2458710.464421
2458710.465185
2458712.455995
2458712.45691
2458712.458785
2458712.459537
2458712.460289
2458712.46103
2458712.461806
2458712.462546
2458712.463299
2458712.464062
2458713.45522
2458713.4561
2458713.456863
2458713.457627
2458713.45838
2458713.459132
2458713.459896
2458713.460648
2458713.4614
2458713.462153
2458714.456389
2458714.457199
2458714.457963
2458714.458727
2458714.459502
2458714.460255
2458714.461007
2458714.461771
2458714.462535
2458714.463299
2458715.4564
2458715.457164
2458715.457928
2458715.458727
2458715.459479
2458715.460255
2458715.461007
2458715.461782
2458715.462558
2458715.46331
2458716.45603
2458716.456829
2458716.457604
2458716.458356
2458716.459132
2458716.459896
2458716.46066
2458716.461424
2458716.462188
2458716.462951
2458717.454792
2458717.455556
2458717.456308
2458717.457072
2458717.457824
2458717.458576
2458717.459317
2458717.460058
2458717.460822
2458717.461574
2458738.466887
2458738.46765
2458738.468414
2458738.46919
2458738.469965
2458738.470729
2458738.471505
2458738.472269
2458738.473044
2458738.473819
2458739.472593
2458739.473356
2458739.474132
2458739.474884
2458739.475671
2458739.476447
2458739.477211
2458739.477986
2458739.478738
2458739.479491
2458740.464618
2458740.465382
2458740.466157
2458740.46691
2458740.467685
2458740.468449
2458740.469225
2458740.47
2458740.470775
2458740.471551
2458741.467894
2458741.468669
2458741.469421
2458741.470197
2458741.470961
2458741.471725
2458741.472488
2458741.473241
2458741.473993
2458741.474757
2458742.467188
2458742.467951
2458742.468715
2458742.469479
2458742.470255
2458742.471019
2458742.471794
2458742.472581
2458742.473356
2458742.474144
2458744.472454
2458744.473264
2458744.474051
2458744.47485
2458744.475637
2458744.476424
2458744.477211
2458744.478021
2458744.478831
2458744.479618
2458883.878704
2458883.879444
2458883.880197
2458883.880949
2458883.88169
2458883.882419
2458883.883171
2458883.883912
2458883.884664
2458883.885417
2458885.882882
2458885.883623
2458885.884387
2458885.885139
2458885.88588
2458885.88662
2458885.887373
2458885.888113
2458885.888843
2458885.889595
2458887.882315
2458887.883044
2458887.883796
2458887.884549
2458887.885301
2458887.88603
2458887.886771
2458887.887535
2458887.888264
2458887.889005
2458889.88066
2458889.881389
2458889.882141
2458889.882894
2458889.883634
2458889.884387
2458889.885127
2458889.885868
2458889.88662
2458889.887361
2458912.916227
2458912.916968
2458912.917708
2458912.918461
2458912.919201
2458912.919954
2458912.920706
2458912.921447
2458912.922199
2458912.92294
2458914.913715
2458914.914479
2458914.91522
2458914.915972
2458914.916713
2458914.917465
2458914.918206
2458914.918958
2458914.919711
2458914.920451
2458915.799815
2458915.800544
2458915.801285
2458915.802025
2458915.802766
2458915.803507
2458915.804259
2458915.804977
2458915.805729
2458915.806481
2458915.918704
2458915.919433
2458915.920174
2458915.920926
2458915.921655
2458915.922407
2458915.923137
2458915.923877
2458915.924641
2458915.925382
2458916.821944
2458916.822685
2458916.823437
2458916.824178
2458916.824931
2458916.82566
2458916.826389
2458916.827141
2458916.827894
2458916.828634
2458916.919745
2458916.920475
2458916.921227
2458916.921979
2458916.922708
2458916.923449
2458916.924201
2458916.924942
2458916.925706
2458916.926447
2458917.814086
2458917.814826
2458917.815567
2458917.816319
2458917.817072
2458917.817789
2458917.818542
2458917.819282
2458917.820012
2458917.820764
2458917.905567
2458917.906331
2458917.90706
2458917.907812
2458917.908553
2458917.909294
2458917.910035
2458917.910799
2458917.911528
2458917.91228
2458918.806111
2458918.80684
2458918.807581
2458918.808345
2458918.809086
2458918.809803
2458918.810544
2458918.811285
2458918.812025
2458918.812778
2458918.909537
2458918.910301
2458918.91103
2458918.911771
2458918.912512
2458918.913252
2458918.913993
2458918.914745
2458918.915509
2458918.916262
2458919.917477
2458919.918229
2458919.91897
2458919.919722
2458919.920475
2458919.921215
2458919.921968
2458919.92272
2458919.923472
2458919.924225
2458920.916551
2458920.91728
2458920.918021
2458920.918773
2458920.919514
2458920.920255
2458920.920995
2458920.921725
2458920.922488
2458920.923229
2458921.922917
2458921.923646
2458921.924387
2458921.925139
2458921.925868
2458921.926609
2458921.92735
2458921.928079
2458921.928819
2458921.929572
2458922.907859
2458922.908669
2458922.90956
2458922.910417
2458922.91125
2458922.912141
2458922.913125
2458922.914155
2458922.915116
2458922.916007
2458923.919653
2458923.920417
2458923.921146
2458923.921898
2458923.92265
2458923.923403
2458923.924132
2458923.924873
2458923.925625
2458923.926377
2458924.914468
2458924.91522
2458924.915961
2458924.916713
2458924.917465
2458924.918206
2458924.918958
2458924.919711
2458924.92044
2458924.921204
2458925.918611
2458925.919363
2458925.920116
2458925.920856
2458925.921586
2458925.922315
2458925.923067
2458925.923785
2458925.924549
2458925.925278
