2453139.57513472
2453139.57555556
2453139.57596702
2453139.5763772
2453139.57683418
2453139.57729795
2453139.57776174
2453139.57823131
2453139.57873222
2453139.57922955
2453139.57970227
2453139.58020794
2453139.58070414
2453139.58121293
2453139.58222136
2453139.58276225
2453139.58325598
2453139.5840987
2453139.58457165
2453139.58599328
2453139.58648807
2453139.58696751
2453139.5874478
2453139.58793488
2453139.58846822
2453139.58895349
2453429.72501323
2453429.72543851
2453429.72587197
2453429.72718855
2453429.727793
2453429.72846656
2453479.51936868
2453479.51982126
2453479.52023924
2453479.52065719
2453479.52107845
2453479.52151113
2453479.52193235
2453479.52235647
2453479.52310087
2453479.52356955
2453479.52403404
2453479.52449673
2453479.52543581
2453479.52589905
2453479.52636067
2453479.5271112
2453479.52764379
2453479.52817856
2453479.52870963
2453479.52924337
2453479.52981298
2453479.53088323
2453479.53145848
2453479.53198931
2453479.5325579
2453479.53310949
2453479.5336437
2453479.53470816
2453479.53580919
2453479.53634789
2453479.53689513
2453479.53742659
2453479.53796738
2453479.53850111
2453479.53903207
2453479.53957101
2453479.5401103
2453479.54065989
2453479.54119293
2453479.54172794
2453479.54226063
2453479.54600833
2453479.54656822
2453479.54715092
2453479.54770351
2453479.54827371
2453479.54886254
2453479.5499821
2453479.55053747
2453479.55109991
2453479.55167208
2453479.55222966
2453479.55651283
2453479.55695431
2453479.55741651
2453479.55787975
2453479.55833628
2453479.55878145
2453479.55925673
2453479.56242498
2453479.56860984
2453479.56903905
2453479.57390156
2453479.57434073
2453479.57477118
2453479.57560914
2453479.57643802
2453479.57783409
2453479.57862609
2453479.57941783
2453479.57982029
2453479.58022174
2453479.58143077
2453479.58183391
2453479.58221894
2453479.58383796
2453479.58546798
2453479.60162211
2453479.60203754
2453479.60244463
2453479.60286296
2453479.60333199
2453479.60391214
2453479.60435259
2453479.60475655
2453479.60517129
2453479.60557871
2453479.60598815
2453479.60644618
2453479.60684701
2453479.60725853
2453479.60767754
2453479.60808662
2453479.60849821
2453479.60891218
2453479.60935029
2453479.60977638
2453479.61017892
2453479.61059844
2453479.61101561
2453479.61145475
2453479.61187493
2453479.61270429
2453479.61312508
2453479.61355035
2453479.61398859
2453479.61439013
2453479.61482895
2453479.61525677
2453479.61566641
2453479.61606809
2453479.61648801
2453479.61696528
2453479.61739195
2453479.61781722
2453479.61823184
2453479.61886161
2453479.61931852
2453479.61976336
2453479.6201899
2453479.62062837
2453479.62106649
2453479.6215111
2453479.62221695
2453479.62266283
2453479.62311955
2453479.62359163
2453479.62406609
2453479.62451255
2453479.62498296
2453479.62544295
2453479.62591187
2453479.62637431
2453479.62685119
2453479.62731329
2453479.62778311
2453479.62871563
2453479.62919218
2453479.6296833
2453479.63016298
2453479.63922533
2453479.63964887
2453479.64008294
2453479.64050011
2453479.64091971
2453479.64133699
2453479.64175903
2453479.6443785
2453479.64479718
2453479.64521353
2453479.64649827
2453479.64695445
2453479.64742602
2453479.64787954
2453479.64830423
2453479.64873853
2453479.64916577
2453479.64959081
2453479.6500404
2453479.65046842
2453479.6508892
2453479.651322
2453479.65177506
2453479.65222765
2453479.65268291
2453479.65311697
2453479.65356818
2453479.65399519
2453479.65442601
2453479.65486008
2453479.65608034
2453479.65648814
2453479.65688968
2453479.6577267
2453479.65814513
2453479.65855061
2453479.65927417
2453479.65966785
2453479.6600636
2453479.66048911
2453479.66093278
2453479.66132333
2453479.66213637
2453479.6625245
2453479.66293275
2453479.66376096
2453479.66416644
2453479.66457517
2453479.66500692
2453479.66541216
2453479.66661077
2453479.67109812
2453479.67253461
2453479.67297552
2453479.67338863
2453479.67383335
2453479.67425631
2453479.67466782
2453479.67509505
2453479.67551974
2453479.6759427
2453479.67636635
2453479.67678005
2453479.67720278
2453479.6780334
2453479.67886764
2453479.6793068
2453479.67974782
2453479.68022473
2453479.6806537
2453479.68108187
2453479.68151003
2453479.68193264
2453479.68235467
2453479.68279534
2453479.68321968
2453479.68364079
2453479.6840729
2453479.68450569
2453479.68535323
2453479.68578753
2453479.68620771
2453479.68662906
2453479.6870586
2453479.68750032
2453479.68791042
2453479.68833327
2453479.6891984
2453479.68962356
2453479.69002718
2453479.69045952
2453479.69086871
2453479.69128807
2453479.6917387
2453479.69216385
2453479.69257304
2453479.69302192
2453479.6934715
2453479.74492226
2453479.7755563
2453479.77595853
2453479.7807627
2453479.82232801
2453479.82394101
2453479.82472901
2453479.82879736
2453479.82961653
2453479.8303979
2453479.83643772
2453479.8381387
2453479.8385297
2453479.84090703
2453479.84131494
2453479.8426389
2453479.84424798
2453479.84623591
2453479.84702742
2453479.84782889
2453479.84831076
2453479.85286989
2453479.85447062
2453479.85564503
2453479.85802779
2453479.85840805
2453479.85917271
2453479.85955666
2453479.86078315
2453479.86117093
2453479.86197113
2453479.86275522
2453479.8676446
2453479.868063
2453479.86849743
2453479.86888973
2453479.86928724
2453479.86967801
2453479.87045898
2453479.87125559
2453479.87206551
2453479.87244795
2453479.87283018
2453479.87321632
2453479.87362134
2453479.87485954
2453479.87526271
2453479.8756536
2453479.87647232
2453479.87687105
2453479.88140867
2453479.88186705
2453479.88306752
2453479.88592568
2453479.88636192
2453479.88676939
2453479.88716132
2453479.88756205
2453479.89087593
2453479.89127875
2453479.89248871
2453479.89290737
2453479.89456565
2453479.89578022
2453479.89619959
2453479.89742079
2453479.89782314
2453479.89821507
2453479.89861441
2453479.89901087
2453479.90185559
2453479.9022393
2453479.90343826
2453479.90423661
2453479.90463573
2453479.90544646
2453479.90584463
2453479.90630418
2453479.9067497
2453479.90715102
2453479.90794925
2453479.90914044
2453479.91036684
2453479.91076723
2453479.91115489
2453479.91155458
2453479.91194617
2453479.91277147
2453479.91316155
2453479.9139511
2453479.91559536
2453479.91601021
2453479.91646824
2453479.91926746
2453479.91966255
2453479.92009834
2453479.92049029
2453479.92168705
2453479.92208547
2453479.92250889
2453479.92291213
2453479.92330584
2453479.92410788
2453479.92660397
2453479.92703747
2453479.92742499
2453479.92862674
2453479.9290814
2453479.92989144
2453479.93069993
2453479.93150017
2453479.93271313
2453479.93350105
2453479.93390155
2453479.9343112
2453479.93551478
2453479.93631777
2453479.93759532
2453479.93798437
2453480.50472608
2453480.50553635
2453480.50593777
2453480.5063429
2453480.50672894
2453480.50750193
2453480.50839345
2453480.50880218
2453480.50923439
2453480.50966036
2453480.5100847
2453480.51055373
2453480.51101396
2453480.51145764
2453480.51315504
2453480.51357614
2453480.51487672
2453480.51532605
2453480.51577021
2453480.51618345
2453480.51659576
2453480.51700691
2453480.51788073
2453480.51830889
2453480.51871461
2453480.51957661
2453480.52041257
2453480.52083507
2453480.52126543
2453480.52168985
2453480.52209965
2453480.52252227
2453480.52294221
2453480.52382182
2453480.52469749
2453480.52511512
2453480.52552278
2453480.52635331
2453480.52800601
2453480.5292368
2453480.5342836
2453480.53470378
2453480.53512453
2453480.53554471
2453480.53859999
2453480.53984433
2453480.54619485
2453480.54660796
2453480.55946606
2453480.56361414
2453480.56484101
2453480.5656258
2453480.56684178
2453480.56726439
2453480.56887891
2453480.56926574
2453480.57510694
2453480.5800484
2453480.58084431
2453480.58170756
2453480.58330751
2453480.5895094
2453480.59333431
2453480.59377023
2453480.59419836
2453480.59542502
2453480.59710586
2453480.59790038
2453480.59829787
2453480.60194836
2453480.64678203
2453480.65074271
2453480.6544486
2453480.66210505
2453480.66252257
2453480.66614526
2453480.66984366
2453480.67220708
2453480.67346276
2453480.67638019
2453480.67678159
2453480.67759476
2453480.68084774
2453480.68498195
2453480.6877123
2453480.69468208
2453480.69590918
2453480.69629579
2453480.70483401
2453480.70768938
2453480.71016417
2453480.71178701
2453480.72693178
2453480.72733911
2453480.7281444
2453480.73182672
2453480.73265017
2453480.73308849
2453480.73586703
2453480.73630631
2453480.73710084
2453480.73790439
2453480.73830906
2453480.7395446
2453480.74116363
2453480.74550247
2453480.75165932
2453480.75538341
2453480.75582804
2453480.75662371
2453480.75701113
2453480.75784709
2453480.75863548
2453480.75945466
2453480.76028356
2453480.76225319
2453480.7649163
2453480.76530465
2453480.77309429
2453480.77514613
2453480.77554708
2453480.77751418
2453480.77791954
2453480.77834955
2453480.77874682
2453480.77954411
2453480.7815707
2453480.78553208
2453480.79028974
2453480.79067599
2453480.79106422
2453480.79226955
2453480.79307172
2453480.79346725
2453480.79549638
2453480.79629113
2453480.79871483
2453480.80590424
2453480.80671763
2453480.80751492
2453480.81116111
2453480.81396543
2453480.82271212
2453480.8234073
2453480.8254117
2453480.82663717
2453480.82742487
2453480.83020662
2453480.83061198
2453480.83258753
2453480.83300169
2453480.83378904
2453480.83417807
2453480.83487166
2453480.83572058
2453480.8374086
2453480.83906257
2453480.83948414
2453480.83989877
2453480.84032115
2453480.84075683
2453480.84116926
2453480.84158308
2453480.84241231
2453480.84283308
2453480.84325673
2453480.84365779
2453480.8440825
2453480.84489717
2453480.84532048
2453480.84615551
2453480.84656238
2453480.8469748
2453480.84779364
2453480.84821022
2453480.8486127
2453480.85113482
2453480.85154133
2453480.85278198
2453480.85320654
2453480.85404353
2453480.85445783
2453480.85486955
2453480.85529332
2453480.85570714
2453480.85613041
2453480.85654307
2453480.8569643
2453480.857414
2453480.85786545
2453480.85827742
2453480.85868986
2453480.85909809
2453480.85951377
2453480.85993696
2453480.86034901
2453480.86077046
2453480.86118302
2453480.86159301
2453480.86200567
2453480.86240849
2453480.86281467
2453480.86321976
2453480.86362447
2453480.86403968
2453480.8644494
2453480.86489066
2453480.86530566
2453480.86570846
2453480.86611464
2453480.86654801
2453480.86695732
2453480.86737946
2453480.86779235
2453480.86819794
2453480.86860621
2453480.86903704
2453480.86945721
2453480.86987149
2453480.87028588
2453480.87069935
2453480.87110132
2453480.87152524
2453480.87194646
2453480.87236827
2453480.8727786
2453480.87319115
2453480.87360391
2453480.874005
2453480.87442703
2453480.87526993
2453480.87571211
2453480.87612684
2453480.87694348
2453480.87736655
2453480.87779008
2453480.87865048
2453480.87906742
2453480.87947741
2453480.87988786
2453480.88029358
2453480.88070786
2453480.8811293
2453480.88157577
2453480.88197913
2453480.88238557
2453480.88279255
2453480.88319536
2453480.88361485
2453480.88403735
2453480.88444641
2453480.88485837
2453480.88528006
2453480.88568959
2453480.88610387
2453480.88651653
2453480.88694422
2453480.88735502
2453480.88819295
2453480.88861395
2453480.88945824
2453480.88987982
2453480.89030255
2453480.89111951
2453480.89194507
2453480.89235657
2453480.89279375
2453480.8932019
2453480.89362566
2453480.89402964
2453480.89485889
2453480.8952808
2453480.89569173
2453480.89614131
2453480.89658615
2453480.89702854
2453480.89803143
2453480.89894888
2453480.90086064
2453480.90178631
2453480.90402471
2453480.90447291
2453480.90492966
2453480.90675623
2453480.90721287
2453480.90767057
2453480.9081088
2453480.90855076
2453480.90902014
2453480.90946552
2453480.90990483
2453480.91038078
2453480.91083838
2453480.91131836
2453480.91229974
2453480.91275765
2453480.91320107
2453480.91366005
2453480.91413441
2453480.91461177
2453480.91508659
2453480.9155614
2453480.91601018
2453480.9164851
2453480.91696351
2453480.91743937
2453480.91791048
2453480.91838483
2453480.91885363
2453480.9193303
2453480.91980604
2453480.92032423
2453480.92078146
2453480.9212601
2453480.92173123
2453480.92221299
2453480.9226886
2453480.92363407
2453480.92411176
2453480.92601243
2453480.92647574
2453480.92694064
2453480.92741765
2453480.92788021
2453480.92834691
2453480.92882544
2453480.92929538
2453480.9297386
2453480.93019524
2453480.93064205
2453480.93205306
2453480.93253123
2453480.93346743
2453480.93394618
2453480.93447656
2453480.934943
2453480.93633229
2453480.93680769
2453480.93728377
2453480.93775095
2453480.93822784
2453480.93869699
2453480.93915988
2453480.9396303
2453480.94009759
2453480.94057299
2453480.94105463
2453480.94150294
2453480.94193862
2453480.94238681
2453480.94283409
2453480.94328356
2453480.9437381
2453480.94421475
2453480.94479632
2453481.50521856
2453481.50561986
2453481.50657923
2453481.50742861
2453481.50974607
2453481.51059928
2453481.51234483
2453481.51363002
2453481.51535091
2453481.51577305
2453481.516201
2453481.51706868
2453481.51754649
2453481.51797639
2453481.52118135
2453481.52161935
2453481.52205307
2453481.5224759
2453481.52291311
2453481.52333653
2453481.52464384
2453481.52550086
2453481.52592914
2453481.52635304
2453481.52677066
2453481.52744246
2453481.52834027
2453481.52876322
2453481.52920493
2453481.529631
2453481.53008197
2453481.53142783
2453481.53187869
2453481.53275574
2453481.5332074
2453481.53626349
2453481.54167838
2453481.54296693
2453481.54425942
2453481.54469627
2453481.54724951
2453481.54810053
2453481.54980799
2453481.55691784
2453481.56166656
2453481.56288463
2453481.57025039
2453481.57102432
2453481.5714115
2453481.57180749
2453481.57260514
2453481.57890449
2453481.57929238
2453481.5796806
2453481.58123909
2453481.58243516
2453481.58399272
2453481.58557539
2453481.58638285
2453481.58759168
2453481.58816777
2453481.58858112
2453481.58899169
2453481.58940203
2453481.58981146
2453481.59022029
2453481.5906326
2453481.59270155
2453481.59311166
2453481.59352142
2453481.59475325
2453481.59516334
2453481.59558539
2453481.59602893
2453481.59643999
2453481.59684374
2453481.5972484
2453481.59807811
2453481.59849804
2453481.59922672
2453481.60058133
2453481.60104588
2453481.60146048
2453481.60249336
2453481.6035702
2453481.60613702
2453481.60657154
2453481.60699437
2453481.60957159
2453481.61000286
2453481.61043976
2453481.61173329
2453481.61299984
2453481.61821818
2453481.62122079
2453481.62434122
2453481.62525934
2453481.62571173
2453481.6261657
2453481.62662512
2453481.62768506
2453481.62943027
2453481.63331164
2453481.63417785
2453481.63461134
2453481.63504346
2453481.63547007
2453481.63589641
2453481.6448761
2453481.64527823
2453481.64568765
2453481.64609568
2453481.64827413
2453481.64868563
2453481.65035861
2453481.65119549
2453481.65201188
2453481.65243495
2453481.6533545
2453481.65376634
2453481.65418027
2453481.65460382
2453481.65501184
2453481.6554173
2453481.65603159
2453481.65650516
2453481.65694014
2453481.65736518
2453481.65778734
2453481.65822384
2453481.65864923
2453481.65950465
2453481.66083656
2453481.66128596
2453481.66174039
2453481.66264878
2453481.66307571
2453481.66393734
2453481.66435971
2453481.66477769
2453481.66521261
2453481.66563021
2453481.66606326
2453481.66650961
2453481.66696254
2453481.66822806
2453481.66866468
2453481.66908439
2453481.66950979
2453481.66993514
2453481.67039194
2453481.6708369
2453481.67127118
2453481.67743533
2453481.6779039
2453481.678328
2453481.67874263
2453481.68003339
2453481.68089225
2453481.68301446
2453481.68571715
2453481.68615493
2453481.68956164
2453481.69129027
2453481.69352961
2453481.69398093
2453481.69700496
2453481.69878269
2453481.70159081
2453481.703261
2453481.71506449
2453481.71546441
2453481.71586837
2453481.71723607
2453481.71805749
2453481.71849746
2453481.71895892
2453481.7210418
2453481.72272241
2453481.727074
2453481.72750784
2453481.73089265
2453481.73466349
2453481.73507962
2453481.735909
2453481.73632571
2453481.73713724
2453481.74376718
2453481.74498466
2453481.74541953
2453481.74667997
2453481.74708254
2453481.74793367
2453481.74882704
2453481.74924455
2453481.74966739
2453481.75008445
2453481.7508939
2453481.75129695
2453481.75172236
2453481.75258159
2453481.75340202
2453481.75386455
2453481.75429969
2453481.75512349
2453481.75593838
2453481.75798615
2453481.79389362
2453481.79839082
2453481.7992051
2453481.79959264
2453481.80080275
2453481.80118635
2453481.80160685
2453481.80278513
2453481.80320967
2453481.80359698
2453481.8044147
2453481.80640505
2453481.80681307
2453481.81088315
2453481.81132138
2453481.812969
2453481.81376978
2453481.81417131
2453481.81459208
2453481.81556683
2453481.81730056
2453481.82368393
2453481.84938692
2453481.84977596
2453481.85016975
2453481.85223438
2453481.8558717
2453481.85668381
2453481.85711452
2453481.85869362
2453481.8598685
2453481.86392203
2453481.90363055
2453481.90402375
2453481.90901418
2453481.91141625
2453481.91228415
2453481.91314638
2453481.91434792
2453481.91592527
2453481.91790598
2453481.91829205
2453481.91871583
2453481.92159286
2453481.92203351
2453481.92484048
2453481.92566094
2453481.92605772
2453481.92645466
2453481.92683446
2453481.92726999
2453481.92766565
2453481.9284686
2453481.92933864
2453481.92975669
2453481.93014624
2453481.93091818
2453481.93171445
2453481.93293432
2453481.93499992
2453481.93619937
2453481.93660727
2453481.93742689
2453481.93785243
2453481.93825694
2453481.93868108
2453481.93951668
2453481.94029317
2453481.94144156
2453481.94364825
2453481.94458504
2453481.94499341
2453481.9458068
2453481.94621443
2453481.94664979
2453481.94708621
2453481.9475102
2453481.94791476
2453482.49552069
2453482.49649336
2453482.49697385
2453482.49897417
2453482.49945836
2453482.49995656
2453482.50045336
2453482.50092841
2453482.50140289
2453482.50190114
2453482.50805005
2453482.51490926
2453482.51586212
2453482.51633687
2453482.51677892
2453482.51739005
2453482.51787137
2453482.51834211
2453482.52301541
2453482.52349229
2453482.5240059
2453482.52450153
2453482.52499476
2453482.52549087
2453482.53630028
2453482.53676291
2453482.53724204
2453482.53770734
2453482.53816679
2453482.53898435
2453482.54041562
2453482.54103836
2453482.54152186
2453482.54204159
2453482.54306346
2453482.54354751
2453482.5440323
2453482.54451625
2453482.54759175
2453482.54803442
2453482.54848215
2453482.54892745
2453482.54939682
2453482.54989687
2453482.55035989
2453482.55097325
2453482.55145386
2453482.55195796
2453482.55245545
2453482.55294149
2453482.55342267
2453482.55390525
2453482.55440238
2453482.55535482
2453482.55649115
2453482.55702153
2453482.5575437
2453482.55805657
2453482.55878166
2453482.55928113
2453482.55978719
2453482.56034778
2453482.56085026
2453482.56136824
2453482.5618816
2453482.56276133
2453482.5638226
2453482.56487875
2453482.5659255
2453482.56699459
2453482.56807733
2453482.56918751
2453482.57396194
2453482.57502638
2453482.5773014
2453482.58203509
2453482.58476858
2453482.58522812
2453482.58568151
2453482.59521158
2453482.60030969
2453482.60396848
2453482.61279354
2453482.61400012
2453482.61812332
2453482.62263626
2453482.62840306
2453482.63008019
2453482.63740034
2453482.64946079
2453482.65552783
2453482.6563572
2453482.65718946
2453482.66402821
2453482.66650795
2453482.66769789
2453482.6706014
2453482.67138166
2453482.6717867
2453482.67260821
2453482.67299676
2453482.67340258
2453482.67383275
2453482.67504097
2453482.67706963
2453482.6779205
2453482.67832242
2453482.6787124
2453482.67911255
2453482.67950746
2453482.68033081
2453482.68077139
2453482.68158868
2453482.68197753
2453482.6823785
2453482.68277514
2453482.68317647
2453482.68358994
2453482.69722493
2453482.70126155
2453482.70287305
2453482.70366991
2453482.70487534
2453482.70733292
2453482.70813995
2453482.70854248
2453482.72595357
2453482.72718464
2453482.732014
2453482.73284371
2453482.73323832
2453482.73362995
2453482.73403087
2453482.73483341
2453482.73522685
2453482.73565017
2453482.73643056
2453482.73845561
2453482.74213032
2453482.74611613
2453482.74691689
2453482.74776046
2453482.7510337
2453482.75267066
2453482.75306414
2453482.75346681
2453482.75389051
2453482.75552442
2453482.75636709
2453482.75675513
2453482.75716745
2453482.761197
2453482.76198805
2453482.76239179
2453482.76426116
2453482.76469607
2453482.76510546
2453482.76565156
2453482.76608591
2453482.76651266
2453482.76709458
2453482.76754365
2453482.76816004
2453482.76858349
2453482.76901358
2453482.76942729
2453482.76983731
2453482.77071784
2453482.77112595
2453482.77154825
2453482.77196738
2453482.77246995
2453482.77289187
2453482.77330027
2453482.77370482
2453482.7741264
2453482.77455069
2453482.77499232
2453482.77541703
2453482.77582609
2453482.77746515
2453482.77790616
2453482.77835237
2453482.778778
2453482.77918082
2453482.77958607
2453482.77999029
2453482.78043546
2453482.7808459
2453482.78125406
2453482.78170121
2453482.78257085
2453482.78297911
2453482.78338806
2453482.78381045
2453482.78421395
2453482.78467218
2453482.79194076
2453482.79234276
2453482.79274465
2453482.79355604
2453482.79394454
2453482.79437428
2453482.79686833
2453482.79806299
2453482.79846581
2453482.79925763
2453482.80005033
2453482.80124537
2453482.802828
2453482.80570264
2453482.806097
2453482.80650603
2453482.80695761
2453482.80736679
2453482.80898903
2453482.81758258
2453482.81800268
2453482.81838619
2453482.81878131
2453482.81917363
2453482.82938693
2453482.83058992
2453482.83101312
2453482.83143804
2453482.83229356
2453482.83268596
2453482.8335117
2453482.83391419
2453482.83432188
2453482.83514299
2453482.83552848
2453482.83593778
2453482.83636352
2453482.8368057
2453482.83724842
2453482.83765115
2453482.83804402
2453482.83843418
2453482.83926841
2453482.8396789
2453482.84008577
2453482.84302725
2453482.84723056
2453482.84816293
2453482.85249855
2453482.85668204
2453482.85709646
2453482.85748701
2453482.85792814
2453482.85889614
2453482.8593115
2453482.85974553
2453482.86019746
2453482.86079366
2453482.86124905
2453482.86210583
2453482.86252418
2453482.86298501
2453482.86570424
2453482.8661287
2453482.86693631
2453482.86733947
2453482.86772967
2453482.86895318
2453482.86936513
2453482.8697882
2453482.87020256
2453482.87060634
2453482.87099794
2453482.87299246
2453482.87339539
2453482.87379981
2453482.87418618
2453482.87499298
2453482.87582165
2453482.87622344
2453482.87664537
2453482.87706624
2453482.87747297
2453482.8778794
2453482.87829724
2453482.87872971
2453482.88117691
2453482.88156896
2453482.88276494
2453482.88395011
2453482.88475249
2453482.88514446
2453482.88556439
2453482.88597564
2453482.8863763
2453482.88677909
2453482.88718827
2453482.88842232
2453482.88963724
2453482.89006914
2453482.89093482
2453482.89180102
2453482.89219061
2453482.89261904
2453482.89303931
2453482.89346056
2453482.89466959
2453482.89674861
2453482.89715337
2453482.89755738
2453482.89796166
2453482.89835141
2453482.8995695
2453482.90075908
2453482.90154653
2453482.90193998
2453482.9023421
2453482.90275128
2453482.90399665
2453482.90443533
2453482.90488171
2453482.90529224
2453482.90568618
2453482.90733353
2453482.90855474
2453482.90897617
2453482.9093714
2453482.90977061
2453482.91241831
2453482.91492121
2453482.91532567
2453482.91573185
2453482.91616442
2453482.91657973
2453482.92049119
2453482.92181728
2453482.92225539
2453482.9261165
2453482.93002514
2453482.93332638
2453482.93502597
2453482.93545484
2453482.93586885
2453482.93629137
2453482.93671199
2453482.93800401
2453482.9393201
2453482.94014335
2453482.94056375
2453482.94099458
2453482.9414009
2453482.94182233
2453482.94224475
2453482.94267615
2453482.94310334
2453482.94351929
2453482.94396737
2453482.94440572
2453482.94485634
2453482.94532108
2453482.94576256
2453482.94621917
2453482.94669078
2453483.49241032
2453483.49320311
2453483.49445068
2453483.49523455
2453483.49566191
2453483.49609239
2453483.49649545
2453483.49689027
2453483.49729148
2453483.49768387
2453483.49808541
2453483.49932477
2453483.50069238
2453483.50112899
2453483.50154826
2453483.50239682
2453483.5032578
2453483.50691082
2453483.50820743
2453483.51083064
2453483.51313852
2453483.51395152
2453483.51619367
2453483.51759474
2453483.51803402
2453483.51843938
2453483.51885513
2453483.51926236
2453483.51967711
2453483.52063192
2453483.53083678
2453483.53211422
2453483.53255789
2453483.5329856
2453483.53343594
2453483.5338792
2453483.53469897
2453483.53767861
2453483.54820916
2453483.54859499
2453483.55646879
2453483.55853903
2453483.56220653
2453483.56347328
2453483.56391515
2453483.57461712
2453483.57944328
2453483.58189746
2453483.58267147
2453483.58306007
2453483.58350548
2453483.58389589
2453483.58431887
2453483.58472586
2453483.58514488
2453483.58639234
2453483.58678358
2453483.58718394
2453483.59249075
2453483.59577995
2453483.59658454
2453483.59699219
2453483.5982239
2453483.59862839
2453483.59903127
2453483.60000027
2453483.6003877
2453483.60097769
2453483.6013988
2453483.60182083
2453483.60222689
2453483.60264637
2453483.6033219
2453483.60378734
2453483.60424768
2453483.608901
2453483.60973327
2453483.61014118
2453483.61054565
2453483.61095433
2453483.61136425
2453483.61179137
2453483.61266298
2453483.61368935
2453483.6274774
2453483.64377386
2453483.65356649
2453483.65395175
2453483.66259376
2453483.66414222
2453483.66529026
2453483.66567149
2453483.67308391
2453483.67504456
2453483.67704627
2453483.67863122
2453483.68496256
2453483.69093572
2453483.70441305
2453483.70479343
2453483.70637411
2453483.70716607
2453483.70796419
2453483.70836335
2453483.70876512
2453483.7092743
2453483.70966544
2453483.71086949
2453483.7112576
2453483.72472398
2453483.72591727
2453483.72630616
2453483.7294815
2453483.73107143
2453483.73343267
2453483.73383594
2453483.74754589
2453483.74793501
2453483.75001629
2453483.75080442
2453483.75201111
2453483.75245004
2453483.7545675
2453483.75774616
2453483.76856713
2453483.76935366
2453483.77094757
2453483.77135228
2453483.77177813
2453483.77216717
2453483.77277487
2453483.77476021
2453483.77514628
2453483.78907774
2453483.81930952
2453483.82009954
2453483.82051285
2453483.82090795
2453483.82131038
2453483.82172189
2453483.82214682
2453483.82257104
2453483.8229732
2453483.82341653
2453483.82421743
2453483.82798388
2453483.82839584
2453483.82917192
2453483.82957338
2453483.83001463
2453483.83041813
2453483.84011465
2453483.8447591
2453483.84516677
2453483.84719084
2453483.84840416
2453483.85412694
2453483.85655019
2453483.90163982
2453483.90283762
2453483.90325823
2453483.90365039
2453483.90406945
2453483.90486653
2453483.90527398
2453483.90570736
2453483.90611873
2453483.90658834
2453483.90740138
2453483.90780489
2453483.90821917
2453483.90860425
2453483.90900443
2453483.909426
2453483.90987023
2453483.91026474
2453483.91065351
2453483.91104444
2453483.91144977
2453483.91187157
2453483.91309449
2453483.91352617
2453483.91391857
2453483.91432046
2453483.91470719
2453483.91509728
2453483.91548419
2453483.91588737
2453483.91669985
2453483.91709581
2453483.91789639
2453483.91828231
2453483.91869104
2453483.91913113
2453483.91956357
2453483.92012474
2453483.92057929
2453483.92103953
2453483.92206243
2453483.9225017
2453483.92292501
2453483.92336093
2453483.92379639
2453483.92428845
2453483.92513873
2453483.92562053
2453483.92606641
2453483.92672248
2453483.9272568
2453483.92777351
2453483.92829764
2453483.92880741
2453483.92934752
2453483.93004711
2453483.9355105
2453483.93597617
2453483.93643745
2453483.93690752
2453483.93738385
2453537.77313515
2453537.7735405
2453537.77392238
2453600.4845537
2453600.48493913
2453604.51035373
2453604.51126191
2453604.5116983
2453604.51216316
2453604.51261912
2453604.51305828
2453604.51350416
2453604.51394749
2453604.51438352
2453604.51480231
2453604.51522006
2453604.51563874
2453604.51605359
2453604.51646336
2453604.51687705
2453604.51729273
2453604.52073241
2453604.52119598
2453604.52166118
2453604.52255329
2453604.52299408
2453604.5234138
2453604.52383467
2453604.52427452
2453604.52470998
2453604.52515875
2453604.52557755
2453604.52602644
2453604.5264436
2453604.5268498
2453604.52726532
2453604.52767961
2453604.52816033
2453604.52902906
2453604.5295048
2453604.52996629
2453604.53039144
2453604.53085144
2453604.53128507
2453604.53169863
2453604.53211454
2453604.53253216
2453604.53294286
2453604.53336316
2453604.53377384
2453604.53419785
2453604.53509237
2453604.53554324
2453604.53597867
2453604.53638984
2453604.53680552
2453604.53721654
2453604.53765443
2453604.53808884
2453604.53850589
2453604.53895271
2453604.53937264
2453744.86502383
2453744.86543684
2453778.83083944
2453778.83127282
2453808.70674919
2453808.70722539
2453808.70766987
2453828.71355382
2453828.71407065
2453828.71448898
2453828.71490478
2453828.71532819
2453828.7157744
2453828.71618558
2453828.71660146
2453828.71703299
2453828.71747133
2453828.71787774
2453828.71827896
2453872.60027952
2453872.60074623
2453872.6011861
2453873.78866261
2453873.78910963
2453873.78951153
2453873.79102234
2453873.79144437
2453873.79191005
2453873.79313368
2453873.79355072
2453873.79400679
2453877.65189996
2453877.65236842
2453877.65279438
2453877.65324338
2453877.65370547
2453877.65414926
2453877.65460428
2453877.65502227
2453877.65547532
2453877.6558808
2453877.65629948
2453877.65674952
2453896.74270245
2453896.7431136
2453896.7435199
2453896.74395443
2453896.74438687
2453896.74481678
2453896.7452549
2453896.74568399
2453896.74608521
2453896.74648605
2453896.74689777
2453896.74735188
2454113.85717247
2454113.85755952
2454113.85794228
2454113.85832345
2454113.85870668
2454113.85908738
2454113.85946934
2454113.85985166
2454113.86023317
2454113.86061525
2454113.86099709
2454113.86137882
2454125.81071312
2454125.81109185
2454125.81148505
2454125.81186678
2454125.81224875
2454125.81263117
2454125.81301291
2454125.81339476
2454125.81377673
2454125.81415868
2454125.81454193
2454125.8149225
2454192.82284477
2454192.8232346
2454192.8236153
2454192.82399727
2454192.824379
2454192.82476109
2454192.82514282
2454192.82552605
2454192.82590686
2454192.82628882
2454192.82668213
2454192.82706468
2454203.63815506
2454203.63854177
2454203.63892363
2454203.6393064
2454203.64006999
2454203.64045148
2454203.64083359
2454203.64121576
2454203.64159737
2454203.64197934
2454203.64236107
2454246.58318545
2454246.58356522
2454246.58394602
2454246.58432837
2454246.58470883
2454246.58508568
2454246.58546673
2454246.58584556
2454246.5862259
2454246.58660659
2454246.58699202
2454246.58737804
2454313.5541975
2454313.55490483
2454313.55561158
2454313.55632087
2454313.55702497
2454313.55773044
2454313.55843534
2454313.55914058
2454313.55985197
2454313.56056
2454313.56126537
2454313.5619728
