2450831.273519
2450831.274317
2450833.234618
2450833.235428
2450915.136053
2450917.117789
2451002.928681
2451002.937014
2451213.28625
2451236.293438
2451274.222523
2451276.077593
2451382.859734
2451383.859271
2451385.846563
2451386.84022
2451410.854977
2451410.855961
2451412.853206
2451413.851042
2451630.313102
2451630.314028
2451683.010891
2451684.08765
2451706.080463
2451717.831852
2451742.879317
2451742.881424
2451743.830694
2451766.87287
2451766.87559
2451919.262731
2451919.26603
2451919.26713
2451919.26787
2451919.268715
2451919.269664
2451919.270486
2451919.271354
2451919.272257
2451919.273183
2451919.274109
2451919.275069
2451919.275995
2451919.276921
2451919.277847
2451919.278773
2451919.279699
2451919.280637
2451919.281563
2451919.282488
2451919.283403
2451919.284329
2451919.285255
2451919.286181
2451919.287095
2451919.288021
2451919.288947
2451919.289861
2451919.290787
2451919.291713
2451919.292662
2451984.316875
2451984.317662
2452061.009977
2452091.927014
2452092.999271
2452124.859873
2452124.860995
2452124.861736
2452124.862604
2452125.847419
2452125.84853
2452125.849317
2452125.850266
2452125.973148
2452125.9739
2452125.974769
2452125.975625
2452126.887292
2452126.888183
2452126.890972
2452126.891817
2452127.912975
2452127.913715
2452129.023715
2452129.954664
2452150.92897
2452150.945451
2452151.853519
2452151.854271
2452152.927245
2452152.928646
2452153.84316
2452153.844086
2452187.860255
2452187.861227
2452188.862743
2452189.85647
2452359.181898
2452359.183414
2452387.064792
2452387.152338
2452387.156586
2452387.157373
2452388.106204
2452388.110127
2452388.110937
2452389.107188
2452390.080347
2452390.087558
2453041.289062
2453047.183738
2453047.184687
2453047.191007
2453047.19184
2453245.845417
2453245.846215
2453399.219074
2453399.219907
2453399.22081
2453400.208449
2453400.20941
2453400.210359
2453400.211551
2453400.21463
2453400.215694
2453400.216748
2453400.225903
2453400.226852
2453400.227801
2453401.271887
2453401.279502
2453401.280336
2453401.281215
2453401.282153
2453402.281563
2453402.282373
2453402.283241
2453402.284178
2453402.285035
2453403.282593
2453403.283426
2453403.284282
2453403.285162
2453404.286076
2453404.28691
2453404.287801
2453404.288738
2453405.28691
2453405.287674
2453405.288542
2453405.289433
2453571.837766
2453571.83897
2453571.839769
2453571.84059
2454115.267488
2454115.268472
2454115.269387
2454115.270243
2454115.271111
2454131.264699
2454131.265486
2454131.266262
2454131.267222
2454131.267986
2454131.268738
2454131.269491
2454131.270243
2454131.271007
2454131.271759
2454131.272512
2454131.273275
2454131.274028
2454131.27478
2454131.275532
2454131.276296
2454131.277037
2454132.265671
2454132.267083
2454132.267882
2454132.268692
2454132.269479
2454132.270289
2454132.271088
2454132.271887
2454132.272697
2454132.273495
2454132.274294
2454132.275093
2454132.275903
2454132.276701
2454132.2775
2454132.278299
2454134.276065
2454134.276921
2454134.277778
2454134.278634
2454134.279502
2454134.280359
2454134.281215
2454134.282083
2454134.28294
2454134.283796
2454134.284653
2454134.285521
2454134.286377
2454134.287234
2454134.288102
2454134.288958
2454136.282002
2454136.282928
2454136.283727
2454136.28463
2454136.28544
2454136.286238
2454136.287037
2454136.287836
2454136.288634
2454136.289433
2454136.290231
2454136.291042
2454136.29184
2454136.292639
2454136.293438
2454136.294248
2454136.295046
2454136.295845
2454136.296644
2454136.297442
2454136.298241
2454136.299051
2454138.275417
2454138.276215
2454138.277014
2454138.277813
2454138.278611
2454138.27941
2454138.28022
2454138.281007
2454138.281817
2454138.282616
2454138.283426
2454138.284213
2454138.285023
2454138.285822
2454138.28662
2454138.287419
2454138.288229
2454138.289028
2454138.289826
2454138.290625
2454139.28081
2454139.281609
2454139.282523
2454139.283333
2454139.28412
2454139.284907
2454139.285694
2454139.286481
2454139.287269
2454139.288067
2454139.288854
2454139.289641
2454139.290428
2454139.291215
2454139.292014
2454139.292801
2454139.293588
2454139.294826
2454139.295625
2454139.296412
2454139.297211
2454139.297998
2454141.28485
2454141.285648
2454141.286435
2454141.287222
2454141.288009
2454141.289595
2454141.290382
2454141.291181
2454141.291956
2454141.292755
2454141.293542
2454141.294329
2454142.27316
2454142.273935
2454142.274699
2454142.275463
2454142.276227
2454142.277002
2454142.277766
2454142.27853
2454142.279306
2454142.280058
2454142.280833
2454142.281586
2454142.282361
2454142.283125
2454142.283889
2454142.284653
2454142.285428
2454142.286192
2454142.286956
2454142.28772
2454144.255255
2454144.256065
2454144.256852
2454144.25765
2454144.258437
2454144.259225
2454144.260012
2454144.260799
2454144.261586
2454144.262384
2454144.263171
2454144.263958
2454144.264757
2454144.265532
2454144.266331
2454144.267118
2454144.267905
2454144.268704
2454144.269491
2454144.270278
2454145.270521
2454145.271319
2454145.272118
2454145.272917
2454145.273727
2454145.274525
2454145.275336
2454145.276134
2454145.276933
2454145.277731
2454145.278542
2454145.279352
2454145.28015
2454145.280961
2454145.281759
2454145.282558
2454145.283356
2454145.284155
2454146.268241
2454146.269039
2454146.26985
2454146.270648
2454146.271447
2454146.272234
2454146.273009
2454146.273796
2454146.274572
2454146.275347
2454146.276134
2454146.27691
2454146.277685
2454146.278472
2454146.279236
2454146.280023
2454146.280799
2454146.281574
2454146.28235
2454147.270069
2454147.270833
2454147.271597
2454147.272373
2454147.273137
2454147.2739
2454147.274664
2454147.275428
2454147.276204
2454147.276956
2454147.277731
2454147.278507
2454147.279259
2454147.280035
2454147.280799
2454147.281563
2454147.282326
2454147.28309
2454149.266852
2454149.267616
2454149.268391
2454149.269155
2454149.269919
2454149.270694
2454149.271447
2454149.272222
2454149.272986
2454149.273762
2454149.274514
2454149.275289
2454149.276065
2454149.276829
2454149.277593
2454149.278356
2454149.27912
2454149.279896
2454150.268634
2454150.269433
2454150.270289
2454150.271076
2454150.271863
2454150.27265
2454150.273449
2454150.274236
2454150.275023
2454150.275822
2454150.276609
2454150.277396
2454150.278183
2454150.27897
2454150.279769
2454150.280567
2454150.281354
2454150.282141
2454151.266493
2454151.267269
2454151.268032
2454151.268796
2454151.26956
2454151.270336
2454151.2711
2454151.271863
2454151.272627
2454151.273403
2454151.274167
2454151.274931
2454151.275706
2454151.276458
2454151.277234
2454151.277998
2454151.278773
2454151.279537
2454152.294965
2454152.295752
2454152.296539
2454152.297338
2454154.254653
2454154.25544
2454154.257002
2454154.257778
2454154.258553
2454154.259329
2454154.261227
2454154.262002
2454154.262778
2454155.257708
2454155.258484
2454155.259259
2454155.260035
2454155.26081
2454155.261597
2454155.262373
2454155.263148
2454155.263924
2454155.264711
2454156.259387
2454156.26015
2454156.260972
2454156.261736
2454156.262488
2454156.263241
2454156.263993
2454156.264745
2454156.265498
2454156.266262
2454156.267014
2454156.267766
2454156.268519
2454156.269271
2454156.270035
2454156.270787
2454156.271539
2454156.272292
2454156.273044
2454156.273808
2454156.27456
2454156.275313
2454156.276238
2454334.892778
2454334.894363
2454334.895451
2454334.896539
2454334.897639
2454334.898727
2454334.899815
2454334.900903
2454334.901991
2454334.90309
2454544.126227
2454544.127141
2454544.127928
2454544.128715
2454544.129502
2454544.130313
2454544.1311
2454550.125185
2454550.127384
2454550.129664
2454900.20412
2454900.204954
2454900.205833
2454903.24066
2455014.040995
2455014.041944
2455014.042789
2455014.043657
2455014.044537
2455014.045405
2455014.046262
2455014.047141
2455014.048021
2455014.048947
2455014.049931
2455018.849525
2455018.850625
2455018.851609
2455018.852616
2455018.853588
2455018.854572
2455018.855556
2455018.856551
2455033.861806
2455033.864572
2455033.90485
2455035.912083
2455035.913715
2455035.914537
2455035.918785
2455035.919606
2455035.921296
2455035.922095
2455035.924734
2455035.927859
2455035.928773
2455035.937025
2455035.937986
2455035.944028
2455205.256701
2455205.2575
2455205.258299
2455205.259097
2455205.259896
2455206.258854
2455206.25963
2455206.260405
2455206.261181
2455206.261979
2455207.262789
2455207.263576
2455207.264363
2455207.26515
2455207.265938
2455208.261701
2455208.262488
2455208.263287
2455208.264074
2455208.264861
2455209.258704
2455209.259502
2455209.260289
2455209.261076
2455209.261863
2455255.157986
2455255.159595
2455255.161539
2455255.163553
2455310.282315
2455310.284282
2455310.286146
2455402.953981
2455402.955451
2455402.956458
2455402.958264
2455402.959167
2455425.849595
2455425.85191
2455425.855498
2455429.848206
2455429.849028
2455429.84985
2455666.149479
2455666.1514
2455666.15309
2455666.156007
2455666.157454
2455666.158912
2455666.16037
2455666.161829
2455666.163287
2455666.168206
2455666.169664
2455666.171111
2455666.172569
2455666.174028
2455666.175486
2455666.176933
2455666.178391
2455666.195139
2455669.070359
2455669.071296
2455669.072257
2455751.923391
2455751.924213
2455751.92522
2455751.9261
2455751.930775
2455751.931655
2455751.932535
2455751.935197
2455751.936076
2455751.936956
2455751.937836
2455751.939549
2455751.940544
2455751.941539
2455751.942535
2455751.943519
2455751.944514
2455751.945509
2455751.946505
2455751.9475
2455751.948495
2455751.951227
2455751.952801
2455751.954792
2455751.95581
2455754.828507
2455754.829387
2455754.830266
2455754.831146
2455754.832025
2455754.832905
2455754.833785
2455754.937002
2455754.945359
2455754.94728
2455756.88912
2455756.889931
2455756.890775
2455756.891655
2455756.892535
2455786.845891
2455786.848808
2455786.851574
2455786.853032
2455786.854294
2455786.855613
2455789.854653
2455789.855961
2455789.888785
2455789.890579
2455789.891458
2455961.268738
2455961.269525
2455961.270313
2455961.2711
2455961.271887
2456555.871238
2456555.872118
2456555.873009
2457232.989988
2457232.994259
2457232.998403
2457233.003449
2457233.007014
2457233.011424
2457233.015984
2457233.020023
2457233.025081
2457233.028634
2457233.032072
