BJD RV eRV
2455666.78219857 12.4500512491104 0.89
2455666.78317061 13.4710336333828 0.96
2455666.78413165 13.2013936509884 0.91
2455666.78510369 13.3426459873554 1.04
2455666.78606373 14.6038454475183 0.89
2456087.64828479 -11.239664837356 0.58
2456087.65008975 -10.0388628496312 0.64
2456087.65123572 -10.8784920357266 0.61
2456087.65242769 -9.17840697333304 0.58
2456087.65366666 -9.73860131250331 0.56
2456087.65488164 -8.45830409570954 0.59
2456089.55269492 -11.9546481728521 0.64
2456089.55404888 -13.4341418500208 0.57
2456089.55804178 -12.8402467722153 0.61
2456089.56165269 -13.0468759207979 0.61
2456089.56432662 -13.5754955443917 0.63
2456089.56690756 -14.5129899625372 0.59
2456089.56856252 -13.1321844703216 0.59
2456089.57007848 -11.430907983271 0.63
2456089.57142145 -13.3005740856133 0.59
2456089.57257842 -13.1488036911214 0.59
2456359.81084608 -31.0348897414915 1.08
2456359.81306924 -32.6028840861582 1.01
2456359.81424932 -33.3697489108563 0.96
2456359.81592744 -29.1971303768478 0.91
2456359.81766456 -30.9862546019649 1.05
2456503.57822088 43.4259620644843 1.03
2456503.57928581 36.9853495848911 1.06
2456503.58033974 117.863271863509 1.42
2456503.58143866 23.5835826724033 0.99
2458592.70999691 9.48722339250162 0.77
2458592.71091095 10.2091202708798 0.86
2458592.71166298 9.21982920733535 0.81
2458592.71242701 11.2712179840837 0.77
2458592.71319104 8.91187977937443 0.78
2458592.71394307 10.6834567982642 0.82
2458592.7146961 10.8128195558384 0.81
2458592.71544812 9.18409272106328 0.78
2458592.71621215 9.98509731624108 0.8
2458592.71696418 9.51614301377413 0.78
2458675.60359066 5.8243593367406 0.68
2458675.60436662 5.34447454158362 0.7
2458675.60511858 5.01466926675312 0.68
2458675.60588254 6.95419317303822 0.67
2458675.60664649 6.48431979410088 0.72
2458675.60741045 6.34406873401531 0.69
2458675.60819741 5.69460906367021 0.67
2458675.60896137 6.10373497707405 0.71
2458675.60972533 5.61353776122996 0.66
2458675.61050028 5.23435421197064 0.69
2458676.46170389 8.77324406747721 0.7
2458676.46246785 7.09461642788665 0.67
2458676.46323181 7.42471196095357 0.71
2458676.46398377 10.2557617448765 0.77
2458676.46473572 19.686614548933 0.92
2458676.46548868 12.1368537544513 0.84
2458676.46622864 15.0276388682032 0.86
2458676.4669926 17.0687550270195 0.88
2458676.46774556 10.0485802953881 0.83
2458676.46850952 13.6784303369677 0.78
2458677.46550243 8.33607304544057 0.66
2458677.46627839 8.56639683783942 0.69
2458677.46706535 4.24674004478584 0.65
2458677.4678403 5.62825744094152 0.68
2458677.46862726 6.03936668265305 0.65
2458677.46941422 5.12938598471374 0.65
2458677.47021317 4.94997716214493 0.66
2458677.47098813 5.61124683245362 0.67
2458677.47179808 6.14180203320575 0.66
2458677.47257404 5.39162265210689 0.66
2458678.52703995 3.64028083034646 0.64
2458678.52796589 4.35122469056296 0.62
2458678.52874185 3.69022631753251 0.66
2458678.52950581 4.31045510245895 0.68
2458678.53028076 4.9515214212588 0.71
2458678.53105672 2.43098274317163 0.74
2458678.53183168 2.72176213809507 0.68
2458678.53260763 4.05198433145415 0.69
2458678.53338259 5.19256746716565 0.65
2458678.53414654 4.47298274326022 0.68
2458679.46380475 2.457180964484 0.66
2458679.4646027 3.27858894723977 0.64
2458679.46537866 2.4085779133602 0.63
2458679.46613061 3.71013520348424 0.62
2458679.46688257 4.23078178640571 0.63
2458679.46762353 1.49140298253769 0.64
2458679.46838748 3.21097863371688 0.67
2458679.46913944 3.07201291616366 0.63
2458679.4699034 2.50286986627907 0.66
2458679.47064436 1.773169254393 0.68
2458680.46482318 -0.407397884933744 0.62
2458680.46564514 6.58321819308549 0.7
2458680.46639709 6.77463625770542 0.67
2458680.46714905 5.6952260920043 0.62
2458680.46790201 6.20456704999015 0.67
2458680.46865396 5.64556279721 0.65
2458680.46940592 4.26679308706298 0.63
2458680.47015888 3.61683371222534 0.65
2458680.47092183 4.83868564373915 0.64
2458680.47167479 1.40828618525848 0.62
2458681.46109618 1.61299809300544 0.58
2458681.46206812 1.3035892537664 0.58
2458681.46284408 1.59390901449297 0.6
2458681.46360803 0.214552441291744 0.58
2458681.46437099 2.0457779325443 0.61
2458681.46512394 2.66555030160816 0.62
2458681.4658879 0.375708771171048 0.58
2458681.46665085 1.74751733697485 0.57
2458681.46741481 0.93811909699798 0.6
2458681.46816777 0.787834795588424 0.59
2458682.4738605 1.11235785945246 0.57
2458682.47471645 0.623350336634758 0.54
2458682.4754804 0.493914583104925 0.61
2458682.47623336 2.1129682077044 0.58
2458682.47698531 0.204069668143347 0.62
2458682.47773727 1.97479092946014 0.62
2458682.47850122 1.47576365168788 0.57
2458682.47925418 -0.125666342359182 0.61
2458682.48000613 -0.353962362492894 0.57
2458682.48075809 1.65644595872436 0.56
2458683.4899689 2.39068459492773 0.56
2458683.49081385 2.2401113252854 0.56
2458683.49425065 0.842705494971597 0.57
2458683.4950266 2.8628195902711 0.56
2458683.49579056 1.78250858385945 0.54
2458683.49655451 1.27342983075141 0.58
2458683.49729446 2.07430683054554 0.61
2458683.49807042 2.36440156199387 0.58
2458683.49884537 1.72524804516797 0.54
2458683.49960933 2.06531518152406 0.57
2458684.46399617 2.67055986145715 0.51
2458684.46489811 2.68291306843821 0.54
2458684.46566207 2.69240073499168 0.54
2458684.46642602 3.71333103356301 0.55
2458684.46720197 4.21249898033057 0.56
2458684.46796593 3.15337395424285 0.53
2458684.46872888 3.05519581468252 0.54
2458684.46951583 2.19604857547893 0.51
2458684.47027979 5.18550539967691 0.53
2458684.47103274 3.06536446540849 0.54
2458685.46496515 3.95737550285048 0.69
2458685.46681704 3.3679433383586 0.56
2458685.46770799 2.40890757520538 0.53
2458685.46855293 2.64927594626351 0.54
2458685.46935089 2.44059464345628 0.5
2458685.47013784 2.94129611125027 0.54
2458685.47092479 2.75162936202832 0.49
2458685.47170074 2.64141344847667 0.51
2458685.4724647 2.15212340205835 0.49
2458685.47322865 2.44255197566963 0.51
2458703.47113547 -2.28139841889788 0.43
2458703.4720954 -1.67017923807725 0.47
2458703.47285934 -1.42031673716338 0.47
2458703.47362329 -2.78028098762297 0.39
2458703.47438724 -2.05005175300539 0.4
2458703.47515118 -1.6796066666866 0.44
2458703.47591513 -2.26992562534724 0.44
2458703.47669008 -2.29914559260942 0.4
2458703.47745402 -1.66890856673126 0.41
2458703.47821797 -0.339371548099734 0.43
2458704.46195703 2.61615986696779 0.47
2458704.46280197 0.766858175626112 0.42
2458704.46358891 0.866214186327852 0.45
2458704.46435286 0.346521394429146 0.44
2458704.4651168 1.14684049202333 0.45
2458704.46590375 2.63735725116567 0.42
2458704.46667869 7.94754399274825 0.46
2458704.46745464 -1.35245465559274 0.43
2458704.46824158 2.887460164402 0.44
2458704.46900553 0.918266337794194 0.45
2458705.46659733 -3.89279363907553 0.42
2458705.46780025 -3.59192635816362 0.43
2458705.46858719 -3.69150592773076 0.43
2458705.46936314 -2.71173254884343 0.41
2458705.47013808 -2.15141037468857 0.44
2458705.47091403 -4.37207595214932 0.43
2458705.47168897 -2.54115212829129 0.43
2458705.47246492 -2.84116699594961 0.4
2458705.47323986 -2.50055252190577 0.42
2458705.47403881 -2.81101011701321 0.4
2458706.46234801 -3.44215006118247 0.4
2458706.46319295 -3.05257246803376 0.44
2458706.46396889 -3.51338384234259 0.44
2458706.46474384 -4.09172217496962 0.42
2458706.46551978 -4.23212095069903 0.43
2458706.46629473 -3.50200574586052 0.44
2458706.46707067 -3.36190325537245 0.44
2458706.46783462 -3.65226924242234 0.43
2458706.46859756 -2.99109948139449 0.43
2458706.46937351 -3.10111871356639 0.41
2458707.47355034 -0.0202709741424769 0.47
2458707.47438328 1.82983929038892 0.46
2458707.47517022 -2.80918258713064 0.45
2458707.47595717 18.7004352876029 0.61
2458707.47674411 2.45071641284085 0.5
2458707.47752005 0.900257026045438 0.43
2458707.478295 0.0906893226674583 0.48
2458707.47906994 3.92179911519634 0.5
2458707.47984589 -0.128619396400609 0.46
2458707.48063283 0.381208437345776 0.47
2458708.4755161 -4.79941095376125 0.45
2458708.47628005 -2.81935035740753 0.45
2458708.47703199 -4.35897704530362 0.45
2458708.47778394 -4.34798381800647 0.42
2458708.47854788 -4.82796156153927 0.46
2458708.47931183 -3.96822646193323 0.43
2458708.48006378 -3.46820400871002 0.46
2458708.48081672 -5.34869361719757 0.43
2458709.46810733 -4.08991136194891 0.48
2458709.46900926 -6.60883575560729 0.45
2458709.46977321 -4.48812908599575 0.46
2458709.47053715 -5.10887186430773 0.46
2458709.4713131 -6.24873405853214 0.45
2458709.47206505 -5.17862082486317 0.45
2458709.47281699 -5.10794472417183 0.42
2458709.47356994 -5.85890376811949 0.44
2458709.47433388 -5.5186303792907 0.46
2458709.47509683 -5.55746930107853 0.41
2458710.46757288 -1.45880449752076 0.46
2458710.46847482 -3.40815574098087 0.45
2458710.46923876 -2.96742627354251 0.43
2458710.47002571 -3.2080164506151 0.45
2458710.47078965 -2.43799236790073 0.47
2458710.4715536 -2.52731322246109 0.45
2458710.47231754 -2.87795957663911 0.45
2458710.47306949 -2.74744232581361 0.46
2458710.47384543 -2.9571450422045 0.51
2458710.47460938 -2.72764294843 0.47
2458712.46726745 6.69421880688969 0.51
2458712.46893333 2.13578819754184 0.44
2458712.46970928 0.875372140162654 0.45
2458712.47049622 0.224751475201629 0.49
2458712.47128316 -0.594962968618347 0.45
2458712.47205811 0.485414632723405 0.48
2458712.47283405 0.795504903559049 0.48
2458712.473621 -1.35441465727854 0.45
2458712.47439594 5.46573239833742 0.47
2458712.47517188 0.0756637498561759 0.48
2458713.46415175 -2.01426938989607 0.45
2458713.46504269 -1.04435829465365 0.44
2458713.46581763 -0.893656006963283 0.5
2458713.46657058 -0.784135977723054 0.49
2458713.46735752 0.205965667479177 0.47
2458713.46813246 -3.2728996207843 0.46
2458713.46888441 -2.53286584831221 0.45
2458713.46964836 -2.31313990324998 0.48
2458713.4704123 -1.60256491835025 0.47
2458713.47117625 -1.73312172223814 0.46
2458714.46542163 -1.14046275604778 0.47
2458714.46627856 -1.39164578133932 0.5
2458714.46705351 -0.730855124158552 0.47
2458714.46781745 -1.3703498989089 0.48
2458714.4685934 -0.790912259690231 0.51
2458714.46935634 -0.290448902389471 0.5
2458714.47013229 0.36888512047517 0.5
2458714.47089623 -1.05093311348173 0.47
2458714.47166017 -0.420796998139849 0.52
2458714.47243512 0.339675302344403 0.53
2458715.46526851 3.11235833842511 0.54
2458715.46605546 0.10225303741754 0.48
2458715.4668314 -0.958155602129409 0.52
2458715.46761834 -0.238232050567603 0.52
2458715.46838229 0.452143628892372 0.49
2458715.46915723 -1.7881114225529 0.53
2458715.46992118 2.13223805832604 0.56
2458715.47069712 0.261915030081582 0.59
2458715.47146006 3.05245849094354 0.59
2458716.46502334 -4.00537029744373 0.46
2458716.46593727 -4.32505825872431 0.47
2458716.46670121 -5.41529873487889 0.47
2458716.46747616 -5.52503354554574 0.48
2458716.4682401 -4.69524077569076 0.47
2458716.46898105 -3.87543082865886 0.5
2458716.46974499 -5.13461659519817 0.47
2458716.47051994 -3.59410052242674 0.49
2458716.47128388 -3.64409481249095 0.48
2458716.47204783 -5.38497938518049 0.46
2458717.46340021 -1.99164649160957 0.49
2458717.46418715 -2.70166614950358 0.47
2458717.4649621 -1.83102638310811 0.46
2458717.46574904 -2.37081329279681 0.45
2458717.46654798 -3.49090785624867 0.47
2458717.46732292 0.0891278292656352 0.47
2458717.46810987 -2.3811009368037 0.45
2458717.46888581 -2.73084379347711 0.45
2458717.46968375 -2.6808488847164 0.49
2458717.4704707 -2.29032572976212 0.48
2458738.47438512 -10.7603966569404 0.4
2458738.47517206 -11.3606416722723 0.4
2458738.47597001 -10.2103211607682 0.36
2458738.47677995 -10.8809094809949 0.39
2458738.4775669 -11.7305884948801 0.38
2458738.47837784 -9.58083237856408 0.4
2458738.47916479 -10.5717165615679 0.42
2458738.47995173 -11.39173990786 0.39
2458738.48073868 -10.6018875729351 0.4
2458738.48152563 -10.1621445791498 0.42
2458739.47988375 -9.82799908399829 0.38
2458739.48069369 -9.66803977977906 0.39
2458739.48148064 -12.3581390910113 0.38
2458739.48226759 -12.5782840717657 0.41
2458739.48306653 -10.4085225347008 0.4
2458739.48385348 -11.9086551426444 0.39
2458739.48465142 -12.5891524207109 0.4
2458739.48543837 -12.2592221645427 0.36
2458739.48623731 -10.3890831750286 0.36
2458739.48702426 -12.3000292788165 0.37
2458740.47202672 -6.65142053694944 0.38
2458740.47286066 -5.16174826502174 0.42
2458740.47370561 -3.83162365672251 0.41
2458740.47454955 -2.9914262209204 0.42
2458740.47539449 -4.23138056290918 0.4
2458740.47623944 -2.92184500722215 0.41
2458740.47707338 -9.22216575303173 0.37
2458740.47788332 -8.45272517159901 0.38
2458740.47871627 -6.07274683201103 0.4
2458740.47955021 -9.12292466366125 0.36
2458741.47493441 -6.17451120230544 0.43
2458741.47573235 -10.4150826276345 0.41
2458741.4765433 -9.29517319973456 0.4
2458741.47736424 -9.08483183110366 0.4
2458741.47818619 -8.99573034208515 0.39
2458741.47900813 -9.55527065878778 0.39
2458741.47984108 -5.32561821105992 0.4
2458741.48070902 -6.195931290109 0.39
2458741.48153096 -9.59599612242891 0.41
2458741.48234091 -10.7260923282374 0.4
2458742.47482176 -10.4271037855069 0.42
2458742.47558471 -13.1966837894506 0.41
2458742.47637266 -12.1575247096698 0.41
2458742.47715961 -11.0467872975605 0.38
2458742.47795755 -11.667078523853 0.39
2458742.4787335 -11.617220490396 0.4
2458742.47949745 -11.7079386837577 0.4
2458742.4802844 -11.5681346884812 0.41
2458742.48105935 -10.7978916761131 0.4
2458742.48182329 -11.6679061402974 0.38
2458744.48025657 85.7446473972814 1.05
2458744.48124051 29.9548390300079 0.67
2458744.48217745 24.0848382267213 0.61
2458744.48310338 41.3639346912496 0.76
2458744.48405232 32.6742577812656 0.67
2458744.48502426 87.0442750321818 1.08
2458744.48602019 32.744020293474 0.68
2458744.48691113 1.24390586255686 0.44
2458744.48780207 17.5532665918909 0.54
2458744.48874001 13.5029555892143 0.55
