BJD RV eRV
2453139.49758739 -501.649601833184 0.259102882062
2453139.49800823 -503.150256088367 0.269404930027
2453139.49841969 -502.185625180816 0.268805871327
2453139.49882987 -505.479029696292 0.264210053209
2453139.49928686 -505.320964282806 0.27058730217
2453139.49975063 -504.169085157929 0.262393339008
2453139.50021442 -505.548263114322 0.26031843686
2453139.500684 -505.708990387632 0.273023692033
2453139.50118491 -503.781441715218 0.264437575563
2453139.50168224 -503.066489365026 0.255203721975
2453139.50215497 -501.808404246513 0.255879167055
2453139.50266064 -503.153069987904 0.272047527927
2453139.50315684 -503.250477482226 0.254272844452
2453139.50366564 -504.724209625566 0.256816982018
2453139.50467407 -506.708023740706 0.268299121915
2453139.50521497 -504.868394426096 0.265101259995
2453139.5057087 -504.77268919071 0.258764062741
2453139.50655143 -504.56985327536 0.254350896218
2453139.50702438 -504.19030474891 0.264545839084
2453139.50844602 -506.268788012723 0.264884181238
2453139.50894081 -504.036013634648 0.25490025067
2453139.50942026 -505.937752967454 0.269374197182
2453139.50990055 -504.06627625992 0.271437128674
2453139.51038763 -501.712064924328 0.258383571176
2453139.51092097 -503.443537390779 0.265671896595
2453139.51140625 -504.638723269219 0.262187200056
2453429.64642022 464.678191248859 0.392006694793
2453429.64709383 463.354503825281 0.367807930222
2453479.4409339 11.8053635328215 0.368758688909
2453479.4413865 12.1892285158574 0.308003642525
2453479.44180449 10.2059171502333 0.310327413897
2453479.44222246 9.81692046094759 0.308761365822
2453479.44264374 10.8033967253687 0.296366707654
2453479.44307643 10.0637243761321 0.286133459936
2453479.44349767 11.0382066446527 0.274362482039
2453479.4439218 11.1565198984463 0.295489780952
2453479.44466623 11.070872382672 0.249782375751
2453479.44513493 11.7326820951694 0.327429200794
2453479.44559944 11.4084202725226 0.285563070083
2453479.44606214 12.43761659962 0.233541181876
2453479.44700126 12.736069581937 0.295419850208
2453479.44746452 13.2743222017652 0.256849441245
2453479.44792615 10.7538407337252 0.259204635176
2453479.44867671 8.41072879611056 0.282435657259
2453479.44920932 8.14600193555452 0.239789664987
2453479.44974411 8.99487154652343 0.46102920481
2453479.4502752 11.1092538550602 0.315361901841
2453479.45080896 12.5458582544197 0.402302740536
2453479.4513786 10.9355984470458 0.290446187535
2453479.45244889 7.93246632556838 0.256565592463
2453479.45302416 10.1081735576427 0.243723706155
2453479.45355501 4.94613539058992 0.346105061099
2453479.45412362 8.95952600876808 0.363139503827
2453479.45467523 6.87743290028993 0.371274863627
2453479.45520946 8.60244587586931 0.247714957353
2453479.45627396 12.5359770713058 0.269011838937
2453479.45737503 10.6416628879469 0.235087912346
2453479.45791375 10.1262268750979 0.236321511371
2453479.45846101 9.63276306306579 0.25129973575
2453479.45899249 10.4372515243413 0.244964068127
2453479.4595333 9.37125689475579 0.236439294607
2453479.46006705 10.8560159443587 0.498518739512
2453479.46059803 7.65419288669727 0.316472031798
2453479.46113699 10.1365487670264 0.279783702695
2453479.4616763 12.6579086238653 0.230725417004
2453479.46222591 11.4290835272659 0.279845904768
2453479.46275898 10.4637415145116 0.497401445978
2453479.46329401 9.36712572824763 0.279215367206
2453479.46382672 10.3209430445495 0.276024721435
2453479.46757456 10.0322882359087 0.289833015811
2453479.46813447 10.4802714061643 0.256576194811
2453479.46871719 10.8992120297589 0.231675645526
2453479.4692698 12.1880212846536 0.235335573352
2453479.46984002 11.7253230803726 0.229837620437
2453479.47042887 11.7845210122778 0.270820473155
2453479.47154848 8.83168687481339 0.295961683199
2453479.47210387 9.07629932799864 0.295119730797
2453479.47266633 9.41688747948865 0.283881941211
2453479.47323852 8.38496661945646 0.296334756295
2453479.47379612 10.2585288471273 0.291901341277
2453479.47807945 9.15664059798473 0.275081001306
2453479.47852095 11.1194088295797 0.268107879749
2453479.47898317 12.382934792824 0.226232568987
2453479.47944643 12.6446674230592 0.332813264488
2453479.47990297 12.3333014500477 0.264042598047
2453479.48034816 11.0929481289004 0.246069753074
2453479.48082346 10.7573317558199 0.238405163399
2453479.48399183 12.6861684388459 0.225709594871
2453479.49017692 8.01896893155754 0.229614764939
2453479.49060615 8.37581661151489 0.235375336699
2453479.49546884 8.26469319168609 0.236111194201
2453479.49590803 8.26313172254959 0.236912872905
2453479.49633849 8.44075564000013 0.349550617517
2453479.49717648 10.8673073223908 0.245608931296
2453479.49800539 9.62756102849198 0.266766148626
2453479.49940152 9.2918559544014 0.337121092891
2453479.50019355 8.52018267476888 0.272636573409
2453479.50098532 9.55844360393712 0.325939477266
2453479.50138779 7.9651334281225 0.363346527046
2453479.50178926 10.1000243557737 0.312739121981
2453479.50299833 10.3204971768464 0.27365552398
2453479.50340149 10.5395875615741 0.277771552109
2453479.50378653 8.3198315169011 0.28951660447
2453479.50540561 7.40483601575943 0.323166248395
2453479.50703569 9.55081905225416 0.277246222839
2453479.52319043 7.08837078798751 0.342428319522
2453479.52360588 6.89598204423419 0.451906312197
2453479.52401298 7.16362325443697 0.427150879237
2453479.52443133 7.80173976844162 0.32394327859
2453479.52490038 6.94174632925751 0.460699830286
2453479.52548055 10.073781829462 0.259753232126
2453479.52592101 6.23129778936163 0.261551325691
2453479.52632499 8.60979244248301 0.261673840842
2453479.52673974 6.12528843553628 0.287695121959
2453479.52714718 4.5446210205464 0.323233462481
2453479.52755663 5.34448135707498 0.310605118388
2453479.52801468 7.20137237082781 0.302443862474
2453479.52841553 7.1483469581799 0.324236801812
2453479.52882706 7.8898240135004 0.286822211372
2453479.52924609 9.1431470738662 0.297135498654
2453479.52965518 8.89387271317537 0.275864520283
2453479.53006679 6.51143428040632 0.299940691717
2453479.53048078 6.50370162344188 0.314486496907
2453479.5309189 5.25204178016429 0.265663335735
2453479.53134501 2.28023466472587 0.289517643663
2453479.53174756 5.89144883443987 0.264796872002
2453479.5321671 5.34905063621227 0.335607352366
2453479.53258428 7.28975270719457 0.300849376687
2453479.53302344 8.58089058598489 0.262941190633
2453479.53344364 7.03162536176023 0.320462643776
2453479.53427303 10.0340762002288 0.265712991508
2453479.53469383 8.61373006457325 0.298066229686
2453479.53511912 7.25732258407879 0.337146038671
2453479.53555738 7.99339417512601 0.284199796973
2453479.53595893 5.6586144328121 0.349300334191
2453479.53639777 6.05694072870938 0.351849927338
2453479.5368256 5.59929078858113 0.368166181853
2453479.53723526 5.63433517592239 0.397388331664
2453479.53763695 6.89034369423462 0.33986074134
2453479.53805689 6.62468339376028 0.410138274816
2453479.53853418 7.71011324451683 0.442687502773
2453479.53896086 5.65896098225676 0.497192031753
2453479.53938615 8.43489668593429 0.418109092207
2453479.53980078 6.699662235289 0.516128973652
2453479.54043058 7.16705436587654 0.516776061908
2453479.54088751 7.73507514913217 0.375886822048
2453479.54133236 8.403853226313 0.381326141409
2453479.54175892 8.90747111405472 0.365523067164
2453479.5421974 6.77818535264669 0.414135180604
2453479.54263554 5.98045726654163 0.451251490139
2453479.54308017 5.25821383347466 0.36151655065
2453479.54378604 5.97991018321954 0.262921904414
2453479.54423194 5.54075030863351 0.288061550152
2453479.54468868 5.95400705020802 0.283881638545
2453479.54516078 6.38482061717696 0.324822927811
2453479.54563525 7.24255389684913 0.280613405731
2453479.54608173 8.08430859526925 0.266748605269
2453479.54655216 7.26974317654094 0.263468018236
2453479.54701216 7.47438090223113 0.297844864996
2453479.5474811 5.48839622724881 0.28495688342
2453479.54794356 5.28189262009982 0.28940677927
2453479.54842046 3.79411937010445 0.283872452614
2453479.54888257 4.72465444107002 0.329790557971
2453479.54935241 5.88894397361582 0.334928921405
2453479.55028497 7.18869945509687 0.289761958073
2453479.55076153 7.17577411609091 0.264256005016
2453479.55125267 6.801497852799 0.249329777363
2453479.55173237 6.92362551264523 0.252319553154
2453479.56079506 7.04159311568947 0.264044414713
2453479.56121862 6.92514937117085 0.24540755616
2453479.5616527 6.83538034119738 0.260328566439
2453479.56206989 7.25120911003432 0.228747177132
2453479.5624895 6.8012739204496 0.235977523509
2453479.5629068 5.28682232791289 0.234550139701
2453479.56332886 3.36118327161057 0.237228516903
2453479.56594842 7.12559735118884 0.234504445311
2453479.56636712 4.08867896437187 0.232838779141
2453479.56678348 5.25080912022713 0.243522248763
2453479.56806827 5.15934332303732 0.23695586689
2453479.56852447 5.05354305715082 0.240101677875
2453479.56899606 5.57355024633216 0.239248450427
2453479.56944959 5.23990083696299 0.24330289397
2453479.5698743 6.40391444803026 0.298752529467
2453479.57030862 4.93762169947331 0.28626507034
2453479.57073587 4.85031605885524 0.273366821348
2453479.57116093 5.88329823459753 0.289498460703
2453479.57161053 2.48561551442253 0.311202834126
2453479.57203857 6.49591118596254 0.28772804694
2453479.57245937 7.05019211278704 0.304730673573
2453479.57289218 5.41018487774818 0.243544272389
2453479.57334526 6.94474488647938 0.249772311432
2453479.57379787 4.20236981826747 0.246072300651
2453479.57425314 3.61571245486084 0.254325713864
2453479.57468722 4.82585284316156 0.25051049043
2453479.57513845 3.55812175705432 0.239666368102
2453479.57556547 2.57040224847879 0.255505979983
2453479.57599631 -1.2424823763231 0.263984185715
2453479.57643039 5.25209333656858 0.278173419628
2453479.5776507 3.62407700199947 0.299776248312
2453479.57805852 5.36782427847902 0.305926376187
2453479.57846007 4.40134662766832 0.267287120792
2453479.57929712 5.39793270057817 0.262964024454
2453479.57971557 2.56287395313666 0.296289437001
2453479.58012106 2.968116591117 0.279809306077
2453479.58084465 1.45276261245817 0.329290277525
2453479.58123834 3.34275328314106 0.322741170618
2453479.58163411 1.77151039954697 0.356693022297
2453479.58205963 2.53124992678022 0.349247768545
2453479.58250332 5.24668903723432 0.408466142908
2453479.58289389 2.82579247972353 0.365104899863
2453479.58370696 3.80718140496538 0.383846241582
2453479.5840951 6.15762230227483 0.34854606649
2453479.58450337 4.56303769550141 0.404453867352
2453479.58533161 1.43115333645801 0.43615788874
2453479.5857371 2.6773120248854 0.390117710918
2453479.58614585 4.74730080230438 0.434657474331
2453479.58657761 4.63638407390681 0.399329282433
2453479.58698287 3.4005057061313 0.394085169231
2453479.58818152 3.9427734656856 0.348658206125
2453479.59266904 5.02494058701814 0.309657483538
2453479.59410558 7.72697121299461 0.273340760708
2453479.59454651 0.455927777466059 0.31838430676
2453479.59495963 4.52318801480214 0.300141763481
2453479.59540437 5.35398230774626 0.286497565457
2453479.59582735 3.7357821533642 0.266704339951
2453479.59623887 4.37610590590884 0.310204065789
2453479.59666612 7.72451018680113 0.267391543455
2453479.59709082 6.36625183582692 0.297535513359
2453479.5975138 6.27353014674009 0.26789423305
2453479.59793747 6.48293705319156 0.291329675119
2453479.59835118 4.71253586451712 0.354187119161
2453479.59877393 7.2014456946581 0.290202257393
2453479.59960458 3.56659217950983 0.271428960188
2453479.60043885 4.15110923775683 0.280178214405
2453479.60087802 3.82232676336389 0.31380590476
2453479.60131906 5.65330166356216 0.348845531169
2453479.60179599 7.58050295448811 0.541679870395
2453479.60222498 7.40835389779022 0.458183294969
2453479.60265316 9.83543019710851 0.351737644681
2453479.60308134 9.19605223272447 0.345492843398
2453479.60350396 9.19967655582514 0.337771300823
2453479.60392601 5.67539970981852 0.336983798287
2453479.6043667 3.68412037185226 0.300131788427
2453479.60479105 -3.11171087320326 0.30837638837
2453479.60521218 1.29785591708605 0.295206963666
2453479.6056443 1.26250468780563 0.258876484097
2453479.60607711 3.70223293419804 0.341423313445
2453479.60692468 6.95278072428118 0.281939262609
2453479.607359 7.06998366887274 0.328517153127
2453479.60777919 8.51220718020704 0.322734494201
2453479.60820056 6.71620271097345 0.296126455653
2453479.60863011 2.76541287841064 0.335514726296
2453479.60907185 3.48793213307545 0.329079022992
2453479.60948196 -3.02993760741811 0.332731066226
2453479.60990483 0.270247020325769 0.335670992658
2453479.61076999 2.62285065580727 0.32995208695
2453479.61119517 0.821455533494373 0.312462445486
2453479.6115988 5.14958309271242 0.311240280428
2453479.61203116 3.41094109527512 0.309094969202
2453479.61244036 2.99955229859552 0.319446038639
2453479.61285974 6.15228966263203 0.340192436332
2453479.61331039 1.46313363105401 0.443156200584
2453479.61373555 4.17821857018498 0.35885359804
2453479.61414476 2.35461037326786 0.290181345826
2453479.61459365 3.45557267126242 0.314391900148
2453479.61504325 3.1053118919499 0.325003305961
2453479.66649591 -3.37375806718592 0.244314200586
2453479.69713108 -5.59085135334499 0.233705983469
2453479.69753332 -7.51556715454717 0.235495354739
2453479.70233767 -7.73592754344281 0.229442309371
2453479.7439045 -4.33943008727147 0.245534573508
2453479.74551756 -2.59817875161934 0.245493615255
2453479.74630559 -7.27464545861585 0.238543728022
2453479.75037408 -7.79473106404657 0.247301197625
2453479.75119328 -3.40694629195059 0.247136998082
2453479.75197468 -5.36428476207766 0.250597911204
2453479.75801472 -3.22363310053879 0.245879982855
2453479.75971576 -5.32995034836131 0.252017045009
2453479.76010678 -6.07016698507323 0.237129356672
2453479.76248419 -4.6931005766819 0.245433880632
2453479.76289212 -8.65088097406624 0.260551987011
2453479.76421613 -6.94414887623861 0.257059167008
2453479.76582527 -6.86460454986081 0.233295106498
2453479.76781327 -6.60068621573919 0.253205368791
2453479.76860481 -9.89973201013163 0.240280937141
2453479.76940631 -10.6491957099461 0.247125229877
2453479.76988819 -7.71090895675115 0.25685753961
2453479.77444749 -8.64601430541916 0.247073037248
2453479.77604828 -4.59995422145403 0.259826215819
2453479.77722273 -4.91036984653692 0.243593408019
2453479.77960558 -8.06825732263496 0.268264743559
2453479.77998585 -3.94398036409802 0.284952951468
2453479.78075054 -7.8416472629815 0.225711435319
2453479.7811345 -6.11071382517184 0.248707798494
2453479.78236104 -9.05423443219297 0.25105188248
2453479.78274883 -11.1407815918574 0.234539725113
2453479.78354906 -7.83903263259708 0.245894373584
2453479.78433318 -7.10687113811582 0.221291041321
2453479.78922273 -8.33196250830042 0.225229315814
2453479.78964115 -9.36011532646626 0.263527794515
2453479.7900756 -4.86651521083695 0.249385375689
2453479.79046791 -9.03329382474294 0.237123178761
2453479.79086543 -8.99408541996308 0.25183065153
2453479.79125622 -11.5977338068351 0.25179795689
2453479.79203722 -10.4835733770669 0.241387118039
2453479.79283386 -9.76234442961686 0.235360812504
2453479.7936438 -7.57510138434918 0.247176600422
2453479.79402626 -9.03286969120927 0.236566741642
2453479.7944085 -9.54759220245069 0.234173885444
2453479.79479466 -8.99471201793676 0.250034388541
2453479.79519969 -9.16868818058356 0.226164482614
2453479.79643794 -9.30075933053377 0.241922762507
2453479.79684112 -10.1236579764955 0.242360098526
2453479.79723202 -10.9769091469007 0.235687996154
2453479.79805077 -9.91513801274414 0.237250315804
2453479.79844952 -9.26917477853021 0.244423032242
2453479.8029873 -8.83432763282144 0.263231084805
2453479.8034457 -11.6135884729774 0.24825552486
2453479.80464621 -8.44780761311631 0.254007703667
2453479.80750448 -12.9280532304147 0.248865653542
2453479.80794073 -13.6050529346248 0.238964439457
2453479.80834822 -10.4986145576368 0.283461848627
2453479.80874016 -10.025057063689 0.250528004247
2453479.80914091 -10.6285573180394 0.253874672302
2453479.81245491 -13.0235854573802 0.26148570267
2453479.81285774 -12.6505064734956 0.247400212399
2453479.81406774 -9.43391063469062 0.248814295613
2453479.81448642 -8.42758856192995 0.254262792819
2453479.81614476 -17.5987006908017 0.236516983486
2453479.81735937 -9.82877819356327 0.324344964708
2453479.81777876 -9.78490488567695 0.235709939325
2453479.819 -9.01320511230006 0.237631392732
2453479.81940237 -9.67192966357652 0.242575635247
2453479.81979431 -13.7286564579899 0.235712801
2453479.82019366 -13.6954163773244 0.25451634567
2453479.82059014 -17.16101158739 0.244535089951
2453479.82343496 -9.22237407399371 0.249491163643
2453479.82381869 -4.45697315742473 0.252354089089
2453479.82501769 -12.1304450319676 0.269248121903
2453479.82581607 -12.8618678624207 0.305723083121
2453479.8262152 -15.0880579691566 0.243068730466
2453479.82702596 -10.6561839448332 0.272578441373
2453479.82742415 -10.8346754005979 0.267407103516
2453479.82788371 -10.2184355633053 0.238703000899
2453479.82832925 -8.64944072393882 0.260731646316
2453479.82873058 -8.84622530582237 0.272172148273
2453479.82952884 -8.9433844708492 0.238890920709
2453479.83072007 -11.6595558215977 0.25709974471
2453479.83194652 -12.9691281156411 0.233379358962
2453479.83234692 -12.7798085569611 0.253475103128
2453479.8331343 -10.5026295309017 0.234690501984
2453479.83352591 -9.93667333234407 0.249327084529
2453479.83435124 -11.0364243052027 0.260807911574
2453479.83553091 -14.0328331296059 0.251989618171
2453479.83717523 -11.4421349113964 0.262921491646
2453479.83759009 -11.9707182984075 0.234356612646
2453479.83804814 -11.7508034777293 0.243720890021
2453479.84084746 -10.9205737419416 0.262247238346
2453479.84124256 -12.0674599866707 0.278947763159
2453479.84167837 -9.74779704539651 0.264140004202
2453479.84207033 -13.1829013376064 0.24008950842
2453479.84326714 -12.3374201351289 0.242223867243
2453479.84366557 -12.8788402267564 0.241133644257
2453479.84408901 -11.5863901401062 0.276813340118
2453479.84449226 -10.8732649290923 0.276517014187
2453479.84488599 -12.7703916141436 0.260516138804
2453479.84568805 -13.6536340481725 0.247923518812
2453479.84818423 -12.6795252887532 0.260472809149
2453479.84861775 -12.787631512505 0.271560091735
2453479.84900528 -12.5134479019453 0.324254473944
2453479.85020708 -12.1574189664698 0.264963013311
2453479.85066175 -12.4562066824474 0.265547961503
2453479.85147182 -14.6733084558527 0.26558786382
2453479.85228034 -12.7680157274863 0.250259096673
2453479.85308061 -14.2068599832692 0.245389746635
2453479.85429361 -9.89324615859186 0.267143769827
2453479.85508156 -10.7432708453616 0.30654881501
2453479.85548208 -11.0409056822955 0.271692638429
2453479.85709537 -14.5574567609237 0.288942188757
2453479.85789838 -15.0093238000718 0.346846561325
2453479.85917598 -10.5369925019513 0.303736031749
2453480.42632735 0.493716967397631 0.242794094289
2453480.42713765 1.09308445764509 0.26564765276
2453480.42753908 4.22535477392921 0.287496698425
2453480.42833028 4.20117896253578 0.256099385154
2453480.4291033 6.40956910705245 0.242521392307
2453480.42999485 2.17804953559607 0.252694184597
2453480.4304036 -1.92869096726281 0.313607770536
2453480.43083582 -0.39358450749387 0.308280238019
2453480.43126181 1.19243415279925 0.250045365298
2453480.43168617 1.12656844089179 0.278298732039
2453480.43215521 3.7738167103671 0.236177161889
2453480.43261546 4.59558777285929 0.242285663841
2453480.43305916 5.68731352542272 0.243687871935
2453480.43475662 5.24918744098795 0.244525276036
2453480.43517773 3.31706735923399 0.255692483584
2453480.43647836 2.85146229430575 0.237300260824
2453480.43692771 -0.570173303400225 0.258499214591
2453480.43737188 0.673087677265357 0.246280342262
2453480.43778514 3.49478057672059 0.238527223348
2453480.43819746 1.75816751727507 0.236748856403
2453480.43860863 1.34902872849307 0.271831386687
2453480.43948248 2.71415329653064 0.249299772644
2453480.43991066 4.39320894184311 0.236924083924
2453480.44031639 2.88381157134063 0.25450647327
2453480.44117842 6.50528878749355 0.242581690213
2453480.44201441 3.08824203980657 0.262293647247
2453480.44243693 0.38898114580843 0.244816323724
2453480.44286731 2.29273976434524 0.234797975828
2453480.44329174 0.767807150803492 0.253466986842
2453480.44370156 2.85199496582754 0.2530648569
2453480.44412419 0.617521923453751 0.246566212503
2453480.44454415 3.47863374670669 0.230347493626
2453480.44542379 2.23478101599721 0.235342938217
2453480.44629949 3.26042268270066 0.230347408943
2453480.44671714 2.33791110124912 0.252043507863
2453480.44712481 1.93134527164693 0.23326413276
2453480.44795537 2.05134843613996 0.231414399081
2453480.44960813 1.40737167000952 0.232129740553
2453480.45083897 2.2224388731338 0.285323402531
2453480.45588595 0.767914024614583 0.230292355384
2453480.45630615 0.181137405967092 0.248256982845
2453480.45672691 0.046228691806391 0.241707635045
2453480.45714711 1.01856243425391 0.236135541377
2453480.4602025 1.64409456707654 0.240195619626
2453480.46144689 5.8686562249095 0.230505928486
2453480.46779764 2.89107356432214 0.250747559024
2453480.46821077 -0.1905354103219 0.230013602162
2453480.48106934 0.971769318299266 0.236409407183
2453480.48521757 2.6834124184752 0.242117971791
2453480.48644448 -0.923616565343764 0.257671772702
2453480.4872293 -1.74477976853632 0.252366839165
2453480.48844533 -1.43643754840923 0.257043328689
2453480.48886795 0.781120843370445 0.277391583348
2453480.49048253 -0.390776399308379 0.23869637254
2453480.49086937 0.189557603274807 0.231605911297
2453480.49671079 1.47376825612264 0.235260663097
2453480.50165243 0.203493566927136 0.240605309163
2453480.50244837 -0.4015409304684 0.288757586251
2453480.50331165 -1.23494379621297 0.23769382505
2453480.50491166 -1.39460582633546 0.234985208543
2453480.51111377 1.5449227397803 0.248817654539
2453480.51493882 -4.43186993040035 0.24031271232
2453480.51537476 -2.89268805430402 0.231744217599
2453480.5158029 -1.47074856375912 0.25492782558
2453480.51702961 -1.25726367802781 0.253544170304
2453480.51871051 -3.3140895045326 0.238074988231
2453480.51950506 -2.43981185485427 0.229278380965
2453480.51990256 -3.28147033030291 0.249202021459
2453480.52355319 -2.17079995748463 0.300544451532
2453480.56838849 -8.79189663862235 0.258954066921
2453480.57234931 -7.14583876898541 0.236979453076
2453480.57605533 -10.5522443347618 0.296534207643
2453480.58371206 -13.3280796217332 0.406838461771
2453480.5841296 -8.62397084426084 0.251893760572
2453480.58775242 -11.4206488182081 0.248810505613
2453480.59145095 -7.98273505319594 0.254206390458
2453480.59381445 -11.8605764134372 0.254350543468
2453480.59507018 -15.4204869669356 0.282187888042
2453480.59798772 -8.99278735770167 0.251890925679
2453480.59838913 -12.5790613902336 0.260114618544
2453480.59920233 -12.3691105623966 0.273031899661
2453480.60245543 -17.4389889016202 0.275181514679
2453480.60658979 -8.13917010047408 0.252047301239
2453480.60932023 -10.5104417690836 0.257974452547
2453480.61629027 -11.9986862158057 0.251064421295
2453480.61751741 -14.4806662571063 0.29809390174
2453480.61790403 -6.56634108465005 0.247472457749
2453480.62644256 -6.02760828156897 0.238426247004
2453480.62929803 -6.31795020502796 0.246514736609
2453480.63177291 -8.90300847565959 0.249305778778
2453480.63339581 -11.6722467437903 0.243184853326
2453480.64854112 -7.68771744265359 0.249013962696
2453480.64894847 -3.40981930317321 0.295160202651
2453480.64975379 -15.5366924670834 0.283990839284
2453480.65343624 -14.0122910273312 0.235776108222
2453480.65425972 -7.28030194821804 0.234510913624
2453480.65469805 -11.8065281942963 0.239263797704
2453480.65791599 -13.5038133939925 0.234614703795
2453480.65871055 -11.6403648357082 0.247226776489
2453480.65951412 -11.986878308755 0.235726451383
2453480.65991881 -10.4346803957487 0.236399340069
2453480.66115439 -12.4896654699496 0.232247876062
2453480.66277348 -12.8617192842066 0.24351252452
2453480.66711248 -12.6756498072555 0.237551139949
2453480.67326955 -12.1176415777682 0.23892321983
2453480.67699377 -14.8625491655876 0.235405026865
2453480.67743842 -13.4307545530082 0.241628557852
2453480.67823411 -14.0578224266756 0.236127900736
2453480.67862155 -19.0437998761918 0.250927236845
2453480.68024596 -19.5549864324294 0.246323221093
2453480.68106516 -8.57458712886 0.259589351063
2453480.68189409 -15.1270103228344 0.235224392499
2453480.68386379 -11.0943160203333 0.24610367624
2453480.686527 -11.4940605324373 0.248651337227
2453480.68691536 -12.4235862101723 0.239436520455
2453480.69470528 -18.3098848992686 0.230976439417
2453480.69675719 -14.8737322718989 0.242628194104
2453480.69715816 -13.5973755617433 0.247605524617
2453480.69912533 -18.3070757592923 0.313029039737
2453480.6995307 -16.6160193614141 0.274074789013
2453480.69996073 -15.6507471445839 0.285217782368
2453480.70035801 -15.1686981929397 0.243875306499
2453480.70115533 -16.6347737324213 0.230877051393
2453480.70318199 -16.8715439254574 0.240165124039
2453480.70714351 -20.3637768052358 0.250127801282
2453480.71190134 -20.6707818881077 0.271535565422
2453480.7122876 -24.7336307437654 0.309920595476
2453480.71267585 -20.6964859514701 0.253215977268
2453480.71388122 -12.7049345589367 0.271668568689
2453480.71468342 -14.2148511543473 0.23555097673
2453480.71507896 -13.4694625380962 0.261131080819
2453480.71710816 -14.7437658801209 0.242577598388
2453480.71790294 -12.1892932525388 0.250126112208
2453480.72032673 -13.7803177403366 0.246955626394
2453480.72751639 -12.6342852877751 0.255488321122
2453480.72832981 -15.0276137642795 0.238979018052
2453480.72912713 -14.4349652109613 0.28381149637
2453480.73277345 -13.7909429128686 0.239111846818
2453480.73557787 -14.660815870946 0.240787487257
2453480.74432487 -17.6155484744941 0.242241905002
2453480.74502007 -16.1945570686657 0.235035414304
2453480.74702454 -18.3224656192269 0.233948002604
2453480.74825006 -17.3830055378185 0.254295154866
2453480.74903778 -17.1279095340324 0.238895335731
2453480.75181963 -21.5065461288777 0.248809530502
2453480.75222501 -20.0839800404174 0.235183593869
2453480.75420063 -16.2378078058573 0.318961198031
2453480.7546148 -17.5540521735256 0.352301695099
2453480.75540218 -20.3470732063724 0.250901619538
2453480.75579122 -20.9335550317192 0.356537187798
2453480.75648484 -19.3075452352059 0.25591707731
2453480.75733379 -18.8355319694238 0.231051204224
2453480.75902187 -19.7205124757002 0.231104398599
2453480.76067589 -20.2959854346464 0.239412704995
2453480.76109748 -18.0840893237455 0.252611691408
2453480.76151212 -18.296682573724 0.253391754798
2453480.76193452 -15.0868091999218 0.265045908727
2453480.76237021 -15.4160733553545 0.245379441933
2453480.76278266 -17.9495144112952 0.225694996098
2453480.76402575 -21.5785073749303 0.243205574531
2453480.76444654 -19.9499738456434 0.270972375691
2453480.7648702 -21.3597726925218 0.267190744203
2453480.76527128 -23.5934397380643 0.237980444085
2453480.765696 -24.6750716582756 0.300479710111
2453480.7665107 -19.5749589849001 0.232774208316
2453480.76693402 -20.2703744988194 0.257134391944
2453480.76776908 -17.8772162016085 0.231476284591
2453480.76817597 -19.3384924718648 0.238416744348
2453480.7685884 -18.9789535093241 0.277671776402
2453480.76940727 -20.619045451318 0.263864024932
2453480.76982387 -24.3331415766552 0.252435511821
2453480.77022636 -21.7691663674959 0.253881477532
2453480.77274857 -17.6220879127068 0.264662245863
2453480.77315509 -16.7721028001924 0.265914912133
2453480.77439579 -20.5375751998654 0.238156606174
2453480.77482036 -17.2903206604551 0.27102092694
2453480.77565738 -19.6253261323818 0.244596921516
2453480.7760717 -19.3493142841926 0.305368948953
2453480.77648343 -17.9817273585231 0.344305884556
2453480.77690721 -17.4226318853543 0.363634710442
2453480.77732105 -17.5133412450195 0.487054032309
2453480.77774433 -16.7897825419805 0.37815071398
2453480.77815701 -18.3768752655815 0.336918992863
2453480.77857825 -18.906246243605 0.439550045741
2453480.77902797 -19.7454773757563 0.286598384488
2453480.77947944 -19.7336271652875 0.275598437942
2453480.77989142 -18.5390757397836 0.272105489311
2453480.78030387 -18.9708582269868 0.261033236489
2453480.78071212 -19.9623844530561 0.237365827054
2453480.78112781 -19.4553890736534 0.246123156136
2453480.78155102 -15.4083597032877 0.278392109989
2453480.78196308 -17.6398235710458 0.269195426991
2453480.78238455 -16.9963260227996 0.261804902296
2453480.78279712 -17.1515475482411 0.276647720938
2453480.78320713 -19.6981650016241 0.283743359288
2453480.7836198 -20.133203927815 0.244214911761
2453480.78402263 -22.2548622085051 0.245837685661
2453480.78442883 -20.9182130669014 0.322543958882
2453480.78483393 -21.9065198654462 0.280413960818
2453480.78523866 -19.5751679729492 0.242471851058
2453480.78565388 -18.1531464049895 0.287595147546
2453480.78606362 -18.3464865618098 0.280627193064
2453480.78650489 -16.4593699009802 0.292856531987
2453480.78691991 -17.8156187848726 0.425858509332
2453480.78732272 -17.0979832067369 0.387846184419
2453480.78772891 -18.2938807229366 0.359287366354
2453480.7881623 -20.8155177992958 0.327097250829
2453480.78857162 -21.1105331465442 0.343708981367
2453480.78899378 -19.8426972168782 0.299962101321
2453480.78940668 -22.3996625567688 0.28478381282
2453480.78981229 -21.4812707921519 0.30487768017
2453480.79022057 -21.6377819923 0.351976990555
2453480.79065142 -19.5734418829015 0.353321154703
2453480.7910716 -18.2322950220478 0.342247851153
2453480.7914859 -16.6303100622717 0.283808823239
2453480.7919003 -15.748723423103 0.273628259051
2453480.79231379 -17.8188366480153 0.231869813847
2453480.79271577 -18.0301468800262 0.246984905261
2453480.7931397 -19.4012030601862 0.247462830129
2453480.79356094 -21.3231157790251 0.234350897584
2453480.79398276 -23.3401420166138 0.239446503363
2453480.79439311 -21.9168311731519 0.251760586914
2453480.79480567 -21.8781011210194 0.260027186336
2453480.79521845 -19.1698951799244 0.281038412638
2453480.79561955 -18.9621792159014 0.251805186099
2453480.7960416 -17.1742027628061 0.232159242216
2453480.79688453 -19.9811506729766 0.23370590552
2453480.79732672 -19.1618178706867 0.229912434489
2453480.79774147 -22.041153856353 0.316306971923
2453480.79855814 -24.0680590469692 0.253589708658
2453480.79898122 -23.1402313013168 0.237872486134
2453480.79940476 -22.1485937747129 0.269046238962
2453480.80026519 -19.2507524130669 0.39795930912
2453480.80068215 -18.312879262734 0.312665819982
2453480.80109215 -16.39756456129 0.375806666302
2453480.80150262 -19.6385225666108 0.272460079035
2453480.80190835 -21.142507117167 0.253680872107
2453480.80232265 -21.3174574588666 0.305229190176
2453480.8027441 -21.9609466861275 0.316580564863
2453480.80319059 -25.2821791279002 0.318538315516
2453480.80359396 -23.1767844696224 0.488318308644
2453480.80400042 -22.3829569941699 0.468144113408
2453480.80440741 -21.4895236725642 0.437174710978
2453480.80481023 -20.0514626809054 0.333941961365
2453480.80565225 -17.3962438428935 0.333476489555
2453480.80606133 -18.7853300420011 0.427624531358
2453480.8064733 -19.240228289691 0.305392539914
2453480.80689501 -21.2362543420677 0.294638682064
2453480.80730455 -21.1530784700062 0.376422986787
2453480.80771885 -22.080891604257 0.339469736558
2453480.80813152 -23.515094588287 0.356653525974
2453480.80855923 -23.5262058019398 0.270047571573
2453480.80897004 -23.3047348042546 0.257492941136
2453480.809808 -21.4059657375965 0.280076146486
2453480.81022901 -20.2178708407082 0.262986986219
2453480.81107333 -18.4514782681217 0.254893521573
2453480.81149493 -22.5518400262263 0.233672044346
2453480.81191767 -19.9809790957515 0.237560970469
2453480.81356025 -21.4060662209085 0.341087753655
2453480.81397176 -22.5398104833639 0.323972967857
2453480.81440896 -21.9113301515663 0.27157825029
2453480.81481712 -22.6758208530209 0.410717701219
2453480.8152409 -22.3677764550048 0.351930127863
2453480.81564489 -23.7192410806383 0.242865026579
2453480.81647417 -22.971940984411 0.376902563419
2453480.8168961 -22.3513938435572 0.371213908217
2453480.81730704 -21.8908554485715 0.483322889329
2453480.81775664 -19.7878290883764 0.35247754149
2453480.81820149 -22.191348652108 0.440589639093
2453480.8186439 -22.6928554911156 0.432717882573
2453480.81964682 -23.180902389242 0.256078168788
2453480.82056431 -22.4374021873373 0.237357632648
2453480.82247613 -22.9698846206975 0.244111485283
2453480.82340184 -22.1119430519939 0.234518241229
2453480.82564031 -22.06599281118 0.370876501029
2453480.82608853 -23.5842774151752 0.239190693573
2453480.82654529 -22.4500761349609 0.244346541149
2453480.82837193 -22.0919854770818 0.234771768002
2453480.82882858 -23.1161838648786 0.30023420848
2453480.8292863 -24.0000422794346 0.252100794658
2453480.82972455 -25.1022008583896 0.256615642183
2453480.83016652 -23.8691961342538 0.2548922724
2453480.83063592 -23.3369253515648 0.298686052588
2453480.83108131 -22.9718256566157 0.302606647104
2453480.83152064 -22.1844708190511 0.257104201211
2453480.83199661 -20.7835042876104 0.344341072559
2453480.83245422 -23.5522435673174 0.228322174398
2453480.83293422 -23.0259787857813 0.243637917571
2453480.83391563 -24.0188989310591 0.257278310028
2453480.83437356 -23.0633671740525 0.281307968347
2453480.83481699 -21.7352553882629 0.398614215219
2453480.83527599 -21.6568772211886 0.334333278696
2453480.83575037 -20.8125837790394 0.35110051599
2453480.83622774 -21.3902760584333 0.331049497878
2453480.83670258 -20.5724866189812 0.34732498036
2453480.83717741 -21.5408827060292 0.255890561124
2453480.8376262 -23.0351692999411 0.284273763089
2453480.83857957 -23.6397815942746 0.33012107747
2453480.83905544 -24.4969996431482 0.495678328633
2453480.83952657 -24.5932929339706 0.46411965729
2453480.84000094 -23.7226354803133 0.370718302294
2453480.84046975 -21.5006706994191 0.436753394987
2453480.84094644 -21.1006815192504 0.372765984044
2453480.8414222 -20.7806821337308 0.340117360706
2453480.8419404 -20.60681524141 0.268152685948
2453480.84239765 -21.7607711660803 0.289720457649
2453480.84287631 -21.4532935886054 0.280326265639
2453480.84334745 -22.1873005282778 0.258585517236
2453480.84382923 -22.7851581723262 0.233182413471
2453480.84430486 -21.4122825414779 0.293137006495
2453480.84525036 -21.9882391118044 0.239753621043
2453480.84572807 -21.5399597505075 0.243486645939
2453480.8476288 -22.3118645844806 0.231685858542
2453480.84809213 -21.6614995211894 0.235820818016
2453480.84855704 -21.7124719650692 0.262398852947
2453480.84903407 -22.1448715311089 0.25842106901
2453480.84949665 -21.7523604878443 0.294516352233
2453480.84996336 -22.9688113229131 0.312879740522
2453480.85044191 -22.3597841189439 0.327343700034
2453480.85091187 -21.94515672335 0.270635656509
2453480.8513551 -23.8647762321198 0.239347112932
2453480.85181176 -21.9508510231717 0.227729272139
2453480.85225858 -22.1407412632743 0.247456018379
2453480.85366964 -23.4412215960037 0.241206278034
2453480.85414783 -24.0752727453528 0.240547805403
2453480.85508406 -23.4789830939826 0.246170706152
2453480.85556283 -22.5330695126686 0.28726348363
2453480.85609323 -22.3066258379858 0.233370117375
2453480.85655968 -22.0812089637875 0.237632777756
2453480.85794902 -23.3062908481406 0.253497053679
2453480.85842444 -25.6404369029642 0.239975715139
2453480.85890054 -24.7563558207567 0.259855650188
2453480.85936773 -23.8101327015702 0.328132970781
2453480.85984464 -22.8531413233814 0.363831652861
2453480.8603138 -21.9961284017136 0.324593999826
2453480.86077671 -21.4901668457787 0.290651759872
2453480.86124715 -20.3258525170004 0.305884971907
2453480.86171445 -21.7448412455979 0.39023643246
2453480.86218987 -23.4520110233625 0.421387299991
2453480.86267153 -24.8333522505691 0.33586724936
2453480.86311985 -24.8245671312379 0.291183699706
2453480.86355555 -25.3776867250417 0.270982111556
2453480.86400375 -24.7920371572673 0.319072582884
2453480.86445105 -23.6330713111292 0.265930745215
2453480.86490053 -21.4003469584259 0.341935733514
2453480.86535509 -20.5937640237225 0.332204996149
2453480.86583176 -20.2193038349469 0.274443206761
2453480.86641335 -21.6130572670008 0.264988485141
2453481.42685533 -10.494762308037 0.273876992333
2453481.42725664 -8.02427464468929 0.310854705211
2453481.42821605 -9.06161451550906 0.248548774003
2453481.42906546 -5.8895328279541 0.291784313782
2453481.431383 -9.82464978956159 0.229624410244
2453481.43223624 -10.7028628978333 0.235800067493
2453481.43398185 -8.08548503919883 0.240507414612
2453481.43526709 -8.99121879917038 0.257912412444
2453481.43698804 -10.4845219611088 0.23817109851
2453481.4374102 -10.0435810452309 0.234543506387
2453481.43783816 -9.34429983510199 0.277462013102
2453481.43870587 -8.05940224109509 0.231278600325
2453481.4391837 -8.67447685108345 0.25212614144
2453481.43961361 -8.86423598695728 0.24219758324
2453481.44281869 -8.20054338511 0.255965253182
2453481.4432567 -6.76794783478363 0.28047707147
2453481.44369044 -6.59233997463707 0.258653505801
2453481.44411328 -7.36323058922608 0.245061662983
2453481.44455051 -7.64973224531968 0.248580235914
2453481.44497395 -8.85446008000872 0.233142536768
2453481.4462813 -10.1723307532593 0.231814222072
2453481.44713835 -10.6172203413771 0.242549900325
2453481.44756665 -8.02594248839341 0.243416481656
2453481.44799056 -7.3816037292836 0.244119334979
2453481.4484082 -6.73814122884141 0.235582442698
2453481.44908002 -6.41536402332349 0.265800399215
2453481.44997786 -7.46498163299839 0.241558942863
2453481.45040083 -8.17435937138907 0.253885504636
2453481.45084255 -9.53278151118684 0.274226609949
2453481.45126864 -10.1835482748993 0.234464365056
2453481.45171962 -10.2171229227733 0.229618908012
2453481.45306553 -8.49047651884939 0.375618393305
2453481.45351641 -6.61271645745182 0.24724928403
2453481.45439349 -6.41854084768056 0.234552177778
2453481.45484517 -6.51777195314571 0.230197248974
2453481.45790136 -11.3979758967307 0.240676044053
2453481.46331645 -10.1560553817017 0.233566830994
2453481.46460504 -10.4277691458519 0.237290691556
2453481.46589758 -10.2073800331927 0.242589729375
2453481.46633444 -10.2608104745505 0.233169409888
2453481.46888777 -9.62677283835183 0.233787628441
2453481.46973882 -9.74090972640806 0.228580243717
2453481.47144635 -9.57447077925463 0.239523526791
2453481.47855645 -9.28223451688791 0.233691947112
2453481.48330534 -10.7281925868174 0.231274759626
2453481.48452345 -11.8868924965682 0.231191082158
2453481.49188947 -12.8479613880463 0.275693679103
2453481.49266343 -11.795813289029 0.254993281046
2453481.49305062 -11.489736254216 0.235503266115
2453481.49344663 -11.1848036442971 0.276521032724
2453481.4942443 -14.3790027826599 0.237492100963
2453481.50054388 -14.1782667659572 0.240978422335
2453481.50093178 -12.4301627263685 0.290292456587
2453481.50132001 -13.0042476573835 0.241072230038
2453481.50287856 -16.4491590765501 0.266794675892
2453481.50407467 -13.9576413726318 0.239803222582
2453481.50563229 -13.5564559781233 0.250079129052
2453481.50721501 -14.6208998558741 0.240073174511
2453481.5080225 -15.5309703421644 0.237806893629
2453481.50923137 -11.3739497286097 0.260014664821
2453481.50980748 -12.8340350766066 0.249920094468
2453481.51022085 -10.9647600824992 0.334768129857
2453481.51063143 -12.1191226334995 0.229092558942
2453481.51104179 -12.7576550268113 0.2590848989
2453481.51145123 -12.8069189211255 0.236213259591
2453481.51186008 -14.2861913940815 0.228245786531
2453481.5122724 -16.3895354134766 0.245901295472
2453481.51434142 -14.0223177598855 0.255740691408
2453481.51475155 -13.66096939829 0.2297282553
2453481.51516132 -13.2259845248936 0.231666292065
2453481.5163932 -12.5926541329682 0.3275424942
2453481.5168033 -12.2685203191122 0.310961782605
2453481.51722537 -9.85144335992845 0.258003785681
2453481.51766892 -13.0562068282761 0.231878440549
2453481.51808 -13.3344323386664 0.228345406105
2453481.51848376 -14.0021627796959 0.236882323389
2453481.51888844 -14.8737719793207 0.273149060316
2453481.51971817 -13.6852326459211 0.260145159109
2453481.52013812 -13.8375991330959 0.230899444004
2453481.52086683 -12.0270972050621 0.247063148353
2453481.52222148 -12.1738234119257 0.22792871108
2453481.52268605 -13.6258528853832 0.240891502415
2453481.52310066 -14.635442047871 0.238983101095
2453481.52413358 -13.5390407414707 0.243601662738
2453481.52521046 -13.8710068302771 0.237214776555
2453481.52777737 -12.7216019452626 0.27232887748
2453481.5282119 -11.8507893897495 0.25144621747
2453481.52863475 -13.2300402373639 0.247401456039
2453481.53121206 -13.3413484146422 0.225256843993
2453481.53164335 -14.1590622003387 0.228560152059
2453481.53208026 -12.3222367003273 0.228454897634
2453481.53337384 -13.8937086419319 0.230385458552
2453481.53464043 -14.5403654740257 0.240613881141
2453481.53985895 -16.2837030288774 0.227187038975
2453481.54598221 -11.1233682523925 0.238801671686
2453481.54690036 -13.002435262777 0.226875752494
2453481.54735277 -16.7934271348386 0.2844890071
2453481.54780675 -15.9818987823965 0.233598670577
2453481.54826619 -14.5419637215964 0.237551760773
2453481.54932617 -14.9477829988518 0.246558480983
2453481.55107144 -16.2701699637837 0.237086580352
2453481.55495295 -15.9932080670769 0.237867773587
2453481.55581919 -14.267339934755 0.242573860256
2453481.55625269 -15.4861960459093 0.239114784297
2453481.55668483 -15.6075207377125 0.250465769732
2453481.55711145 -13.073964653544 0.236499214202
2453481.55753781 -14.8086252941503 0.254557413416
2453481.56651781 -13.6704976416822 0.260194606232
2453481.56691996 -12.8936105116463 0.230378013219
2453481.56732939 -11.8886855200763 0.227081505404
2453481.56773743 -13.8372941550351 0.229641189328
2453481.56991596 -17.9792771827542 0.2396135115
2453481.57032748 -17.2865339463606 0.233232035367
2453481.57200051 -13.4962811045298 0.227923149705
2453481.57283742 -15.7729231655321 0.229028636655
2453481.57365384 -16.2532784453306 0.238577519959
2453481.57407693 -12.7598060491673 0.237459171175
2453481.57499651 -16.3681578250398 0.24704742745
2453481.57540836 -18.2101904188457 0.269810183188
2453481.57582231 -17.3522153333925 0.234712480828
2453481.57624587 -15.5417184645376 0.241893911986
2453481.57665391 -15.3961173115258 0.251397208486
2453481.57705938 -15.6281639889876 0.264293445639
2453481.57767369 -14.7981267991672 0.233471993491
2453481.57814728 -13.4797004886914 0.227798158027
2453481.57858228 -13.9940120467236 0.365165268896
2453481.57900733 -15.7013463455733 0.243090183244
2453481.57942951 -17.152212954903 0.281471807048
2453481.57986602 -17.5720159246157 0.236824815967
2453481.58029143 -15.4481531347064 0.269653113648
2453481.58114688 -16.4324603370424 0.324438131666
2453481.58247883 -15.4358470713978 0.246464514538
2453481.58292825 -16.1784444209843 0.262431549912
2453481.58338269 -14.7825623663739 0.231818668192
2453481.58429111 -18.2188028958171 0.247240761902
2453481.58471806 -17.0927450593408 0.262021306177
2453481.58557972 -17.6499465597954 0.259167016443
2453481.58600211 -17.6508175263898 0.246931601574
2453481.5864201 -15.1597220254971 0.248113365969
2453481.58685503 -15.2089143932608 0.332203231514
2453481.58727265 -14.1153162357386 0.233787172316
2453481.58770571 -16.0632859911802 0.226120304354
2453481.58815208 -16.2611950610626 0.316643662793
2453481.58860503 -17.1636131039777 0.225306091523
2453481.58987059 -20.8252154896854 0.229768555498
2453481.59030723 -20.7792243431886 0.234768198464
2453481.59072695 -19.9962344232026 0.235052699343
2453481.59115237 -17.7879482902044 0.243269623284
2453481.59157773 -16.3226528861833 0.236740503619
2453481.59203455 -15.0147900403663 0.240982577962
2453481.59247952 -15.0210118527466 0.230517184929
2453481.59291382 -15.2120828302432 0.248620284936
2453481.59907818 -18.8638673715886 0.236267302473
2453481.59954677 -19.4136477500269 0.228120176054
2453481.59997088 -21.2595207775503 0.274018649515
2453481.60038553 -19.081363103367 0.254616830246
2453481.60167633 -18.0605031321375 0.22421935421
2453481.60253522 -16.0327890157041 0.233337907808
2453481.60465751 -17.549773726796 0.236920637128
2453481.60736029 -20.1689823526285 0.235390455833
2453481.60779809 -17.7213628859481 0.251363919773
2453481.61120492 -18.3292133798568 0.238090080725
2453481.61293361 -18.8423321850805 0.228238209912
2453481.61517302 -19.4450161579625 0.225094465653
2453481.61562436 -17.9883668141465 0.228705985642
2453481.6186485 -18.8764757170793 0.238954087533
2453481.62042629 -20.604520633382 0.257281635829
2453481.6232345 -12.6333643624585 0.233423208851
2453481.62490475 -20.5010836062847 0.2326582997
2453481.63670865 -18.9915881156048 0.235008322978
2453481.63710859 -20.3333802799225 0.227726428121
2453481.63751256 -18.3215209627233 0.230624734018
2453481.63888031 -20.5475466483222 0.234080524028
2453481.63970176 -17.8236016350565 0.257698580711
2453481.64014174 -18.9542795415873 0.270503867581
2453481.64060322 -19.2191268224196 0.25712793121
2453481.64268617 -22.6386691448497 0.241586371307
2453481.64436684 -19.9913227884499 0.230762611696
2453481.64871858 -21.447943741332 0.240980550729
2453481.64915243 -19.011826837459 0.250350315057
2453481.65253736 -24.2571809341061 0.232774962152
2453481.65630833 -24.139192262397 0.237963896321
2453481.65672448 -19.3558912331082 0.272668673244
2453481.65755389 -22.1837257312782 0.243036709423
2453481.65797061 -23.3085625237254 0.232497875973
2453481.65878217 -26.8637315884826 0.226383357593
2453481.66541234 -22.2010476405121 0.233464948795
2453481.66662986 -24.6560547125773 0.229977835117
2453481.66706474 -27.1599566632649 0.239153502823
2453481.66832523 -24.8726629359244 0.24796725056
2453481.66872781 -19.7514139139839 0.245925571259
2453481.66957897 -20.0083716719946 0.235702877526
2453481.67047237 -21.0683237215508 0.238798142117
2453481.6708899 -22.8582902040507 0.227867025338
2453481.67131275 -22.6885129734583 0.240947199205
2453481.67172983 -23.6717462787619 0.234095919825
2453481.6725393 -24.2063597975994 0.246059068897
2453481.67294237 -24.2846848107547 0.243696278374
2453481.67336779 -25.0697627139143 0.2430292409
2453481.67422705 -23.306596491866 0.243168224186
2453481.67504751 -19.3718858902484 0.240351262332
2453481.67551006 -22.0718307964744 0.231741045912
2453481.67594521 -22.7241512408582 0.242720357483
2453481.67676904 -22.861993209679 0.239402805667
2453481.67758396 -26.1950261362163 0.235882484208
2453481.6796318 -24.6546467144217 0.227902151531
2453481.7155405 -22.6750644155709 0.229318487386
2453481.72003786 -26.1800504247058 0.230741680792
2453481.72085217 -26.7672776374075 0.233038113641
2453481.72123972 -26.6029542322049 0.22842204212
2453481.72244987 -24.9927403561978 0.263139919432
2453481.72283348 -25.1896994775943 0.243496213367
2453481.723254 -25.169430467613 0.234486551624
2453481.72443232 -25.2911570927081 0.231079011673
2453481.72485687 -26.1108103499209 0.235853320963
2453481.7252442 -23.497086303616 0.232048370379
2453481.72606194 -25.0104330786671 0.228276041111
2453481.72805236 -27.1292236733789 0.240346158903
2453481.7284604 -24.6712821484653 0.247023511253
2453481.73253062 -26.171840846233 0.230073178337
2453481.73296886 -25.3356713770227 0.233078336511
2453481.73461654 -26.9164648039568 0.262643824324
2453481.73541735 -26.6079259439794 0.225156848088
2453481.73581889 -25.3304515023956 0.244234200314
2453481.73623967 -25.4167587999345 0.249305119431
2453481.73721446 -25.8108834344112 0.259159009844
2453481.73894825 -27.7990733509359 0.236545177602
2453481.74533183 -28.3112694668234 0.238590920271
2453481.7710357 -30.3279377386734 0.231094279879
2453481.77142475 -29.6397595877716 0.248205288196
2453481.77181856 -29.8114187425126 0.235844307596
2453481.77388326 -25.13941111247 0.251253675965
2453481.7775207 -31.114178672331 0.239303007783
2453481.77833284 -26.5912274041748 0.226518590813
2453481.77876356 -27.1863189440937 0.239859489866
2453481.78034272 -29.9392151402208 0.225830539188
2453481.78151764 -31.3294439337569 0.225047787292
2453481.78557131 -27.81859677387 0.242533204233
2453481.82528117 -32.8820997964995 0.237026642118
2453481.82567438 -32.5339101589343 0.232248090286
2453481.83066498 -31.1842868845506 0.26722442426
2453481.83306713 -34.5416477953477 0.245342968688
2453481.83393506 -28.3520412711368 0.257822869707
2453481.83479732 -27.4217883788988 0.24242508064
2453481.8359989 -29.5643919267295 0.249435470895
2453481.83757631 -33.7394805690947 0.25420594092
2453481.83955708 -28.8588546221872 0.236490056597
2453481.83994317 -34.7220845472348 0.263618462304
2453481.84036696 -35.7477909505396 0.255758014954
2453481.84324409 -32.1333494984465 0.260508072146
2453481.84368475 -32.0464106103609 0.236173854939
2453481.84649182 -34.8402983494434 0.237105969361
2453481.84731231 -35.4504194205456 0.249059741571
2453481.8477091 -29.3813639762138 0.238570962248
2453481.84810605 -30.159836339777 0.248234098908
2453481.84848587 -31.6903926251816 0.240111612143
2453481.84892141 -32.6237973791558 0.256639006227
2453481.84931708 -33.8467543687711 0.257781270727
2453481.85012006 -36.0842370518221 0.263488696046
2453481.85099013 -35.571548271324 0.246565904715
2453481.85140819 -33.7158057764391 0.243856786426
2453481.85179776 -32.41391125468 0.260422398291
2453481.85256972 -31.7007649418829 0.247125142131
2453481.85336602 -33.1215264574439 0.241090701608
2453481.85458593 -37.4839636340839 0.25234396006
2453481.8566516 -35.1775878915632 0.26360515163
2453481.85785109 -33.3339672351212 0.237595980047
2453481.85825901 -35.3880027600953 0.24542254718
2453481.85907865 -32.7979374969818 0.245813577257
2453481.85950421 -34.5408491209273 0.262080632418
2453481.85990873 -36.1769025914127 0.255752035505
2453481.86033289 -37.1605349677138 0.24792923691
2453481.86116851 -33.4993401402935 0.24842827587
2453481.86194503 -35.3623063186114 0.300360022066
2453481.86309346 -32.5078688655067 0.273760059513
2453481.86530022 -31.6052588758139 0.248373286602
2453481.86623705 -28.2637513664449 0.236676069707
2453481.86664543 -34.0124075555068 0.248238509263
2453481.86745885 -34.455253660788 0.242294883953
2453481.86786649 -32.8242172011123 0.255068083113
2453481.86830186 -34.1550863374669 0.245239247174
2453481.8687383 -33.9377208445676 0.240129467153
2453481.8691623 -32.4203698469773 0.255652351671
2453481.86956688 -34.1670960432857 0.238949527068
2453482.41719148 -19.0172810289932 0.227281131133
2453482.41816419 -23.7618800976215 0.236149586488
2453482.41864469 -23.6868798214928 0.257903849399
2453482.42064508 -21.2082999377963 0.254887831831
2453482.42112929 -20.1714086974098 0.268612524457
2453482.42162751 -19.333948920952 0.24659123758
2453482.42212432 -17.6883253696269 0.225142609029
2453482.42259939 -20.9075370702412 0.23924366308
2453482.42307389 -19.4810468728574 0.250679410292
2453482.42357215 -18.6710014401542 0.237693136512
2453482.42972127 -20.8315053338119 0.230553088609
2453482.43658072 -14.9442904125117 0.231391755931
2453482.43753361 -21.0269822676091 0.244955681221
2453482.43800838 -20.653863077041 0.24538905159
2453482.43845044 -20.615610112809 0.236876680149
2453482.4390616 -22.4921470333611 0.255428456714
2453482.43954293 -20.3797161117691 0.263516932564
2453482.44001369 -20.3429914993339 0.28569896126
2453482.44468715 -21.1065842412281 0.240912168462
2453482.44516405 -19.3213683672984 0.238591588479
2453482.44567767 -17.480435831445 0.22853583058
2453482.44617332 -16.660880028754 0.232201485713
2453482.44666657 -17.8302383614064 0.245099244181
2453482.44716269 -18.7484827460612 0.234152286542
2453482.45797248 -18.9214862606004 0.230628625229
2453482.45843512 -20.0184358818497 0.238936933511
2453482.45891427 -19.9030070556582 0.244322891301
2453482.45937958 -24.705636598881 0.249740533548
2453482.45983905 -20.9484727964664 0.25108303805
2453482.46065664 -22.5096597577322 0.273355949206
2453482.46208796 -21.6917360520929 0.239316869216
2453482.46271072 -20.4601441856139 0.25430293573
2453482.46319424 -20.3007090168394 0.31590869988
2453482.46371398 -21.9841639949973 0.246495906692
2453482.46473589 -21.1217136234354 0.237042462403
2453482.46521996 -20.9305326101821 0.238025451507
2453482.46570476 -21.6418473903268 0.23790242269
2453482.46618873 -21.308837659526 0.230323918257
2453482.46926433 -22.2316161092058 0.228453159706
2453482.46970702 -22.0340971902424 0.231128899137
2453482.47015477 -23.6562634575821 0.250864616559
2453482.47060008 -25.4033916538156 0.271480488906
2453482.47106947 -20.3819651877839 0.234293783123
2453482.47156953 -19.1996873408279 0.263796475774
2453482.47203257 -23.6757568919566 0.264972306291
2453482.47264595 -19.645974342975 0.23734061179
2453482.47312658 -20.3410085261166 0.284185348732
2453482.47363069 -20.5381620571625 0.243309167527
2453482.4741282 -23.5273953595879 0.292619702488
2453482.47461426 -22.7737366552756 0.227881588196
2453482.47509546 -22.2451368926922 0.227958115212
2453482.47557805 -23.4780683261542 0.228405328486
2453482.4760752 -21.1431345139827 0.227329851797
2453482.47702767 -20.115637017585 0.251376599536
2453482.47816404 -20.8003263430746 0.244217002782
2453482.47869444 -21.4255219115985 0.234211806204
2453482.47921663 -25.2563851321338 0.242060544278
2453482.47972951 -21.938019876894 0.271979711843
2453482.48045463 -23.236272335429 0.277012438111
2453482.4825233 -21.8505118384746 0.374009900893
2453482.4830413 -22.0846926967952 0.407718226781
2453482.48355468 -21.0314398136234 0.508040031525
2453482.50370886 -24.6673948178832 0.248024727478
2453482.50644244 -28.1081918123346 0.250003402261
2453482.506902 -35.7124223805531 0.240909449049
2453482.5073554 -35.1169652198078 0.262406287796
2453482.5168858 -26.5468795380966 0.241657561382
2453482.52198408 -29.7013278480863 0.236440216892
2453482.525643 -31.3081701902811 0.237357635665
2453482.53446836 -28.9423990773048 0.232319310398
2453482.53567498 -29.4265634377225 0.235338040528
2453482.53979832 -29.4664232035211 0.231250181347
2453482.54431141 -23.445171399977 0.238123507238
2453482.55007841 -29.9906940946476 0.234740080219
2453482.5517556 -38.5554515302028 0.271926218015
2453482.559076 -34.8426847204682 0.254945728895
2453482.57113686 -22.8063711065606 0.230268568904
2453482.5772041 -36.6052407867173 0.285891315315
2453482.5780335 -39.5727778429737 0.264986959482
2453482.57886579 -25.2088605747012 0.231958823551
2453482.58570477 -37.8466694359176 0.306003239601
2453482.58818459 -31.5386639858079 0.236170364799
2453482.58937457 -34.0210456942441 0.261493344985
2453482.59227818 -31.3959842052773 0.242436805544
2453482.59305847 -38.7359247941877 0.283297233419
2453482.59346352 -24.3318455113986 0.239223315526
2453482.59428506 -31.2030445173132 0.239714791628
2453482.59467362 -33.7635320327445 0.240801485891
2453482.59507946 -33.065534839312 0.233327607555
2453482.59550964 -35.685142336386 0.24364475268
2453482.5967179 -41.868883516192 0.295753906794
2453482.59874663 -29.2664044827288 0.23316756875
2453482.59959753 -25.9806999729954 0.238408917239
2453482.59999946 -29.2982578334431 0.231235125949
2453482.60038946 -28.383621829018 0.229182982044
2453482.60078962 -27.4808627951388 0.231766137414
2453482.60118454 -28.6154087941431 0.257579679687
2453482.60200792 -28.6884575834247 0.246259942685
2453482.60244852 -30.4036272526446 0.266192904015
2453482.60326583 -25.1990776448802 0.26612179604
2453482.6036547 -26.812561040284 0.275357169003
2453482.60405568 -30.1532377233216 0.302914036825
2453482.60445233 -25.2058924054527 0.353143533223
2453482.60485368 -26.3026477500716 0.351170872035
2453482.60526716 -26.4915387151104 0.376962582514
2453482.61890261 -37.3254158074378 0.225341964031
2453482.62293937 -41.5585938697386 0.238596436441
2453482.62455092 -39.6882157556411 0.24035224761
2453482.62534781 -32.1840524113304 0.226307512895
2453482.62655328 -39.6396930881601 0.265880331131
2453482.62901094 -36.2941089308333 0.23353177772
2453482.629818 -31.8662653899519 0.230899883199
2453482.63022054 -42.0607522029823 0.285412670744
2453482.64763222 -37.2884948547289 0.233266829873
2453482.64886333 -42.3699023170921 0.294906599804
2453482.65369285 -35.7934951586667 0.242618303408
2453482.65452259 -36.4458197302502 0.23591217221
2453482.65491721 -35.8941836885188 0.243734094662
2453482.65530885 -40.7735478523609 0.254462831331
2453482.65570979 -34.9932629438808 0.243301386014
2453482.65651235 -35.8540405790864 0.244707882304
2453482.65690581 -31.4223112055079 0.237255902244
2453482.65732914 -33.3976614883959 0.235442373414
2453482.65810956 -36.4798984590179 0.235977282188
2453482.66013467 -38.8784382895974 0.234031047805
2453482.66380951 -31.2867560230552 0.228410088732
2453482.66779545 -32.9878306327482 0.24166709201
2453482.66859624 -31.7201036405422 0.232107225528
2453482.66943984 -30.7237728865312 0.24278885831
2453482.67271319 -35.3258707747245 0.228497124784
2453482.6743502 -32.44484624297 0.249793683591
2453482.67474369 -30.4172640296329 0.272022427029
2453482.67514638 -36.474007652514 0.239404355905
2453482.67557009 -31.5058920396768 0.264323532319
2453482.67720406 -33.7977817063074 0.227143107913
2453482.67804675 -34.4263675140937 0.229838091075
2453482.67843481 -31.8630493241089 0.225345189907
2453482.67884714 -35.6570183852873 0.231757458817
2453482.68287682 -33.0076797029378 0.229060762431
2453482.6836679 -31.9261193092934 0.231471724205
2453482.68407165 -35.1659153159217 0.282712442843
2453482.68594109 -32.9674125120964 0.287723811247
2453482.68637601 -40.834408202636 0.31874415633
2453482.68678541 -35.9367029509576 0.264836335296
2453482.68733153 -32.8929766932524 0.311168830057
2453482.6877659 -29.3439609764282 0.264972234661
2453482.68819266 -29.055308431105 0.247211062713
2453482.6887746 -28.8547811029403 0.268605441611
2453482.68922369 -34.5756292359765 0.293186537378
2453482.6898401 -33.9208579834685 0.330057670121
2453482.69026356 -33.0405044369309 0.264474880688
2453482.69069366 -32.409059064501 0.336215248937
2453482.69110739 -30.330115454597 0.243235953501
2453482.69151742 -29.9927448333874 0.264985199701
2453482.69239798 -29.8142013886718 0.269694757191
2453482.6928061 -30.0900757088239 0.23960343242
2453482.69322842 -30.3007975523669 0.260933466241
2453482.69364756 -26.5769703198639 0.258276458458
2453482.69415015 -34.5696725279213 0.264218240525
2453482.69457208 -33.6209210495545 0.257349227431
2453482.6949805 -29.6343749257812 0.319079531803
2453482.69538506 -32.462930514188 0.29528716654
2453482.69580665 -36.8366748120516 0.336889716085
2453482.69623096 -33.203096226971 0.312658336621
2453482.6966726 -30.6911056507161 0.264278564582
2453482.69709733 -26.9408905755536 0.270216380506
2453482.6975064 -34.059176008328 0.292578788637
2453482.69914552 -31.5472764960687 0.230908369955
2453482.69958654 -37.1483519539324 0.257006126506
2453482.70003277 -35.7176702467787 0.260232038026
2453482.70045841 -37.199663358504 0.309347219593
2453482.70086124 -37.1035779573031 0.284939271277
2453482.70126651 -37.6828135662472 0.316029980191
2453482.70167074 -34.7871503864499 0.387696082173
2453482.70211592 -28.3782356359352 0.348757053804
2453482.70252638 -30.920309704903 0.303993564281
2453482.70293455 -30.8172850622723 0.423813250082
2453482.70338172 -34.5235664863194 0.48454398472
2453482.70425139 -34.6470950882722 0.279007110732
2453482.70465966 -36.073604590134 0.282537070229
2453482.70506862 -37.4981641361628 0.261398274138
2453482.70549103 -36.6656428544702 0.241381126675
2453482.70589454 -34.2916654248675 0.298112443784
2453482.70635279 -30.1398011474685 0.300613942934
2453482.71362161 -33.8939071810437 0.251265215623
2453482.71402362 -32.8707053390044 0.255266634729
2453482.71442552 -36.2327333828907 0.253453460045
2453482.71523694 -34.1161700301054 0.248559788816
2453482.71562545 -36.1181509932449 0.237613421505
2453482.71605521 -38.3333908127715 0.231832612386
2453482.71854934 -36.6230160526065 0.237119887105
2453482.71974404 -33.0433175044018 0.253507586028
2453482.72014687 -33.1054786462391 0.235443542777
2453482.72093872 -36.3161764227752 0.271968684764
2453482.72173144 -37.795626996538 0.265008174194
2453482.72292652 -36.2447569346514 0.244130481559
2453482.72450921 -32.4756142471251 0.239932474444
2453482.72738394 -35.0745377204112 0.250024067074
2453482.72777832 -31.8299198117656 0.231457354311
2453482.72818736 -36.8337616274348 0.301352101363
2453482.72863895 -29.209863950653 0.256274283594
2453482.72904815 -38.973211715891 0.227660781843
2453482.73067044 -32.3577410698254 0.229786966193
2453482.73926427 -30.4545579588466 0.251616241439
2453482.73968439 -32.9068176321634 0.247951263482
2453482.74006791 -33.6882563677063 0.25770048364
2453482.74046304 -33.5171173365634 0.320081293275
2453482.74085538 -32.2602061656544 0.258230950718
2453482.75106901 -34.5170915518538 0.230819018603
2453482.75227204 -34.1532685177353 0.235134570372
2453482.75269526 -32.5673126304901 0.248545324917
2453482.75312019 -36.3768020900352 0.271206430134
2453482.75436815 -36.1181840771897 0.243349472959
2453482.75519392 -36.6065733974301 0.247815320172
2453482.75559642 -37.0235159370459 0.249516150769
2453482.75600413 -39.1209939463479 0.315897132947
2453482.75682527 -44.5841371701663 0.313982872988
2453482.75721077 -39.0378052268188 0.394897426413
2453482.75848803 -35.9977191020625 0.454099280985
2453482.75893076 -37.4016227489992 0.355392266974
2453482.75933351 -40.2610701568265 0.318345683351
2453482.75972639 -43.7337737890175 0.346394227823
2453482.76011656 -41.6988908405128 0.328969275702
2453482.76095082 -43.5827538916492 0.362620038291
2453482.76136132 -48.0529897177239 0.353203728912
2453482.76176821 -53.3401414872351 0.434158298106
2453482.76470978 -40.417868395185 0.224195828016
2453482.76891323 -49.3616088346007 0.44281343736
2453482.7741814 -37.4037014460137 0.24784880008
2453482.77836502 -38.8678130504813 0.294218324015
2453482.77877946 -40.6425533286547 0.263082927825
2453482.77917002 -37.2772436500709 0.24219920757
2453482.77961116 -37.0787323458007 0.286609320833
2453482.7805792 -35.9254283478604 0.287290139619
2453482.78099457 -35.5440891278231 0.263703974315
2453482.78142861 -34.3282038152847 0.282132246835
2453482.78188056 -36.8058289907167 0.254313026479
2453482.78247678 -38.1621376852891 0.390889418783
2453482.78293218 -40.7240869521174 0.392371792477
2453482.78378899 -39.7611495831916 0.398261850552
2453482.78420736 -39.0347880974059 0.384597260651
2453482.7846682 -38.0407662965536 0.247830381516
2453482.78738752 -39.8187372188258 0.245058523931
2453482.78781199 -40.9820525056821 0.271008724166
2453482.78861963 -39.3555850921784 0.300301782872
2453482.7890228 -37.3469340193151 0.365988706436
2453482.78941302 -38.9078977138488 0.468989905345
2453482.79063657 -38.4382812035892 0.301214834644
2453482.79104853 -39.073035836147 0.290321523067
2453482.79147161 -37.2926576407062 0.267817047367
2453482.79188599 -39.7113866004875 0.237172193745
2453482.79228978 -39.2583029441357 0.245922599283
2453482.79268139 -39.7096490276617 0.23714256552
2453482.79467598 -34.6272669534592 0.268942094919
2453482.79507892 -37.1356748111702 0.24358307424
2453482.79548336 -35.7821323539174 0.281575566122
2453482.79586974 -36.8131472662935 0.3188370181
2453482.79667657 -36.4449928977847 0.395477150275
2453482.79750526 -38.9012091315362 0.624374003764
2453482.79832901 -41.2405460044538 0.470487455742
2453482.79874989 -36.1109125650601 0.427151603854
2453482.79915664 -37.3094830245009 0.285318053961
2453482.79956308 -37.8541177507996 0.294876485267
2453482.79998093 -37.7196985725313 0.265411924727
2453482.80041342 -39.3854885869405 0.293605751862
2453482.8028607 -40.5884946583483 0.266618059716
2453482.80325276 -36.144181569216 0.294975961199
2453482.80444878 -36.6782285337777 0.278592187091
2453482.80563399 -37.9927540671888 0.25114840386
2453482.8064364 -41.6730266162049 0.29503699175
2453482.80682838 -40.136550600846 0.32490821367
2453482.80724832 -42.1851516382194 0.474093300315
2453482.80846306 -41.32119085468 0.482087896686
2453482.80887226 -40.2912063707026 0.252510799974
2453482.81010635 -41.3628309294927 0.337623316376
2453482.81132131 -41.520209201999 0.246111981461
2453482.81175322 -40.844065719637 0.279440114015
2453482.81261893 -38.006271688686 0.393674157259
2453482.81348516 -40.3894934520904 0.30020656093
2453482.81387476 -37.6856418776078 0.304609409498
2453482.8143032 -42.0620369850367 0.307350314455
2453482.81472349 -42.0557395189517 0.282346362848
2453482.81514475 -43.2267002929184 0.228794518848
2453482.81635382 -42.9766913953827 0.300830542574
2453482.81843291 -44.4174793497277 0.325951434975
2453482.81883768 -45.5305197513444 0.316701084149
2453482.8192417 -43.482933465817 0.301630426208
2453482.819646 -42.2283578418719 0.330293437131
2453482.82003576 -43.7448805426175 0.49261008563
2453482.82125389 -42.7094319486678 0.495648050081
2453482.82244351 -42.6499747038397 0.29231910783
2453482.82323099 -43.0557661892581 0.25628631394
2453482.82362445 -43.9889779313307 0.307289342176
2453482.82402658 -43.8199759768104 0.265286864242
2453482.82443577 -44.3171682897337 0.279289999551
2453482.82568119 -43.2834937474508 0.289250377112
2453482.82611988 -42.9880712413942 0.274862346752
2453482.82656627 -43.8186701594004 0.284813248923
2453482.82697682 -43.4729017407481 0.243636436499
2453482.82901817 -43.9347508790852 0.226631446568
2453482.83023942 -44.5669110845338 0.243115817802
2453482.83066087 -43.2389184541607 0.236840432453
2453482.83105611 -42.2519169072566 0.242421707482
2453482.83145533 -42.3128645605557 0.246429167289
2453482.83410312 -44.4493969045761 0.239512250988
2453482.8366061 -39.8993813034886 0.245130877094
2453482.83701058 -39.854212729244 0.255649960603
2453482.83741677 -40.8093449825665 0.484371794328
2453482.83784935 -43.6526455936546 0.273828598583
2453482.83826468 -43.1941334073599 0.242795064613
2453482.84217626 -39.913982940152 0.239724322973
2453482.8435024 -42.9388224245486 0.234731145252
2453482.84394052 -44.4741416666038 0.222604960524
2453482.84780176 -43.4871629189402 0.222169494948
2453482.85501187 -42.6299305582361 0.232091265655
2453482.85671152 -42.2208412290329 0.249018868388
2453482.8571404 -41.8992664285743 0.245190157658
2453482.85755443 -43.3626809402776 0.248700699878
2453482.85797696 -42.6764067804997 0.244819835985
2453482.85839759 -43.6462264424845 0.241765184136
2453482.85968966 -43.3712212250121 0.249216112468
2453482.86100579 -41.1193885297434 0.265721984803
2453482.86182907 -39.6503086749526 0.250324214325
2453482.86224948 -39.0869698693805 0.2482607649
2453482.86268032 -42.4346299278386 0.234037320788
2453482.86308666 -41.3730354300042 0.258999058361
2453482.8635081 -40.2208732942145 0.250018811181
2453482.86393053 -41.7601256319376 0.228027348888
2453482.86436195 -44.7801264058835 0.27114207453
2453482.86478915 -45.4029445566939 0.26061334218
2453482.86520512 -44.4623390517281 0.25033830041
2453482.86565321 -45.1102077414835 0.242953716147
2453482.86609157 -45.717495675166 0.264516146994
2453482.86654221 -43.7246684144684 0.247243326749
2453482.86700696 -41.5267062368566 0.277704448529
2453482.86744846 -43.3638279946663 0.225646520755
2453482.86790508 -43.3083083386646 0.224204753742
2453482.86837671 -44.5048078894906 0.270365538064
2453483.41411424 -22.9953443822178 0.307815663012
2453483.41490706 -28.8085037171004 0.239330440155
2453483.41615467 -31.2239983050185 0.283863639152
2453483.41693857 -31.0737364095385 0.248516861297
2453483.41736594 -32.5441938745171 0.273353102161
2453483.41779643 -27.3006383264019 0.247700219543
2453483.41819951 -25.9724830721589 0.257320132884
2453483.41859434 -27.9089130869615 0.240201900628
2453483.41899556 -25.0277493297108 0.238868506055
2453483.41938797 -25.8798608013803 0.30202572359
2453483.41978952 -32.7177639099737 0.264558020297
2453483.42102892 -41.1101831378073 0.382665286495
2453483.42239658 -28.9964328513797 0.249245503473
2453483.4228332 -26.2618043858911 0.229946378232
2453483.42325249 -27.860954743719 0.228193604085
2453483.42410107 -29.0932679999987 0.241985353108
2453483.42496208 -29.6437161815265 0.231299008784
2453483.42861523 -25.9244990672942 0.281884447796
2453483.42991188 -28.6466730575885 0.233109219148
2453483.43253518 -26.7773407822224 0.258940065764
2453483.43484313 -32.8021257782475 0.254923112979
2453483.43565616 -36.5260016714165 0.285155791679
2453483.43789838 -26.5665721418864 0.234072209972
2453483.4392995 -29.9055326532798 0.238474304825
2453483.4397388 -30.0536255533789 0.227796767966
2453483.44014417 -29.3733142923811 0.247016245619
2453483.44055993 -29.1812222723511 0.223739554357
2453483.44096718 -29.1129093136478 0.229292393443
2453483.44138194 -26.8791014782855 0.24205436507
2453483.44233678 -26.8471695449371 0.347541028547
2453483.45254198 -30.3891597491402 0.24687322567
2453483.45426315 -31.143293610874 0.227473159678
2453483.45469087 -31.8309068050548 0.27484364567
2453483.45514123 -29.4899416960943 0.241220320885
2453483.4555845 -27.1423712806227 0.227930212206
2453483.4564043 -28.8535599591251 0.235930691873
2453483.45938404 -26.7015891609972 0.224566536136
2453483.46991494 -27.1439336815856 0.275788628818
2453483.47030078 -27.8465906858055 0.234675742218
2453483.47817484 -26.7361848513792 0.256766192576
2453483.48024515 -27.8474555281537 0.248286464328
2453483.48391277 -26.257260801729 0.292524502281
2453483.48517957 -30.6797904415598 0.247049052484
2453483.48562145 -30.1456019549842 0.255281414043
2453483.49632378 -31.6472943271419 0.242439011997
2453483.50115009 -30.6538543245661 0.237817205147
2453483.50360436 -31.2105567700492 0.23957860285
2453483.50437839 -30.1483885286143 0.268259977872
2453483.50521243 -30.8217026678703 0.2393281347
2453483.50560285 -31.712638351124 0.221949596912
2453483.50602585 -33.90029234953 0.264700995264
2453483.50643285 -31.7653110902047 0.226968941545
2453483.50685188 -29.6885404032437 0.382955666722
2453483.50809938 -29.4694636648292 0.222103163721
2453483.50849064 -30.9460131692031 0.230184035322
2453483.50889101 -29.6717664427106 0.224813368626
2453483.514198 -27.1644565460119 0.223324925027
2453483.5174873 -29.1010864290038 0.230365895815
2453483.51829192 -30.2070044293214 0.248128790059
2453483.51869958 -31.6290587151525 0.273832323169
2453483.51993134 -31.0212833424976 0.245981093311
2453483.52033584 -33.1139585878136 0.263308583438
2453483.52073873 -32.2115285295076 0.301185456783
2453483.52170776 -28.5292337991523 0.314151503359
2453483.52209521 -31.7965838409073 0.410332233756
2453483.52268522 -32.1296852017167 0.227303722295
2453483.52310634 -33.8672741044556 0.239405079496
2453483.52352838 -32.9452515263874 0.262480590574
2453483.52393446 -32.2051982124904 0.27427315962
2453483.52435395 -32.6236690373498 0.343767668253
2453483.5250295 -31.4132227723112 0.260702255098
2453483.52549496 -30.407739613931 0.273922866991
2453483.52595531 -29.9217619269421 0.226516878747
2453483.53060879 -32.5665833191688 0.231878006393
2453483.53144109 -31.2515281097694 0.242075888733
2453483.53184901 -34.6476982878175 0.34259097259
2453483.53225349 -31.8002708038748 0.279575620575
2453483.53266219 -31.7580275960481 0.265253309873
2453483.53307212 -32.5880656179797 0.299539485101
2453483.53349925 -33.4565506478848 0.316056325286
2453483.53437089 -31.3715766065798 0.394521027426
2453483.5353973 -30.6887306626832 0.310336456556
2453483.5491858 -36.795760487179 0.257121267296
2453483.5654828 -40.5089565228263 0.248499094717
2453483.57527575 -35.1144593272111 0.238318867985
2453483.57566102 -35.5738572246573 0.239895083126
2453483.58430331 -35.1487769327141 0.236261817155
2453483.58585182 -36.4282375095499 0.240994834304
2453483.5869999 -36.0703293459428 0.249258666718
2453483.58738114 -35.0695590856249 0.257678597048
2453483.5947938 -42.6380915092213 0.276245083148
2453483.59675452 -41.4819412600737 0.239164783443
2453483.6003413 -41.8909411561126 0.278355209988
2453483.60667284 -35.5234995962692 0.236454794328
2453483.6126462 -40.2952815541157 0.235309376567
2453483.62612397 -41.3055514670723 0.27678214991
2453483.62650436 -40.4513122050503 0.229310790194
2453483.62808509 -40.1675264614078 0.282337447649
2453483.62887708 -38.8221563381139 0.230825548786
2453483.62967522 -36.6399760354579 0.273188846189
2453483.63007439 -39.4850137201392 0.237674878892
2453483.63047618 -39.3905664402137 0.301977704312
2453483.63098537 -41.8831514509802 0.266840101142
2453483.63137653 -38.8063957315608 0.23215450146
2453483.63258062 -42.4407814451642 0.233256658169
2453483.63296874 -37.1122191248087 0.243392753287
2453483.64643555 -40.8847248920883 0.257795338521
2453483.64762888 -46.0691703437988 0.230408167291
2453483.64801779 -39.7697197899324 0.256019829158
2453483.65119323 -46.8924063861341 0.243663243283
2453483.65278321 -39.4076816247743 0.23454064582
2453483.65514453 -46.6518689166824 0.242892883994
2453483.65554781 -39.9263671202661 0.234314235453
2453483.6692582 -41.4796303097846 0.232889977285
2453483.66964733 -40.669134249767 0.259578798323
2453483.67172868 -39.6935882025209 0.233995581914
2453483.67251684 -43.7482305419107 0.242105279226
2453483.67372357 -45.516839239679 0.244567120435
2453483.67416251 -39.0797013860938 0.273448822937
2453483.67628004 -40.0679325641941 0.24799608916
2453483.6794588 -39.7494229881213 0.236251762289
2453483.69028012 -42.7665827364508 0.246987120253
2453483.69106667 -46.403070745122 0.230781796983
2453483.69266064 -41.3242057541484 0.243382784657
2453483.69306536 -44.7235168102688 0.240042632859
2453483.69349122 -44.8783883248052 0.22479580221
2453483.69388027 -43.7213993277128 0.258614109753
2453483.69448799 -46.1271830782425 0.227078327693
2453483.69685948 -41.5093036480466 0.228560770031
2453483.71079139 -45.43052069226 0.229935787915
2453483.74102413 -44.1706320992198 0.239782471871
2453483.74181418 -42.6714992729121 0.256073449205
2453483.7422275 -41.8250580036711 0.237214135651
2453483.74262261 -42.4006484206257 0.257486029712
2453483.74302506 -45.426537271871 0.324749061824
2453483.74343658 -44.8317377627354 0.242868822341
2453483.74386152 -44.7308315577957 0.234859919971
2453483.74428576 -44.78599760832 0.234645500511
2453483.74468793 -44.0151572852665 0.248355553954
2453483.74513127 -45.5589620605624 0.277924717187
2453483.7459322 -45.2554961612695 0.27477156664
2453483.74969877 -46.0371311372055 0.233145477235
2453483.75011074 -46.6644159203897 0.254333042118
2453483.75088685 -44.535678507129 0.300965494306
2453483.75128832 -45.4496028072972 0.311356148112
2453483.75172958 -45.6996944813163 0.262220583946
2453483.7521331 -45.2648968283629 0.262543757101
2453483.76182993 -48.9464012717908 0.243837881422
2453483.76647452 -43.7096854137344 0.254385370857
2453483.76688221 -43.794103864213 0.250734828744
2453483.76890634 -40.3980306414542 0.343287093793
2453483.7701197 -47.5063418632508 0.242797886773
2453483.77584266 -46.1966125369672 0.259655178427
2453483.77826599 -46.5299027491455 0.253321338923
2453483.82335704 -51.0369708270446 0.241756113345
2453483.82455488 -47.8027778231954 0.270953647465
2453483.82497551 -50.4631635815731 0.241005066817
2453483.82536768 -51.2325971712016 0.238524350938
2453483.82578675 -51.9471519482031 0.288485099721
2453483.82658386 -52.7885187923275 0.287779515601
2453483.82699132 -50.0736333886543 0.272521694396
2453483.82742471 -50.8400753440692 0.273709788343
2453483.8278361 -49.8987854607167 0.327794881468
2453483.82830572 -47.0579265048891 0.355604045593
2453483.82911879 -47.7252054199053 0.346015930056
2453483.82952231 -48.1392371047295 0.431458226422
2453483.8299366 -50.4976387185834 0.400793287127
2453483.83032169 -52.7953151803104 0.283844112431
2453483.83072189 -53.0250403565478 0.2996634104
2453483.83114347 -52.4161416940206 0.320748583167
2453483.83158771 -54.2123632059065 0.297596310879
2453483.83198224 -53.3847365843121 0.313877962729
2453483.83237102 -52.1020635362511 0.253551073852
2453483.83276196 -50.310329758604 0.281816279792
2453483.8331673 -47.4927354410011 0.250050066742
2453483.83358912 -47.2259140403912 0.256215945197
2453483.83481208 -48.6882750913464 0.286306483573
2453483.83524377 -52.7331760056386 0.341096940905
2453483.83563618 -51.7205929123575 0.333246864195
2453483.83603808 -46.5419361195873 0.399819422665
2453483.83642483 -50.2567739710212 0.415017689438
2453483.83681493 -50.0903477382053 0.32574089736
2453483.83720185 -47.3265194942724 0.372930678272
2453483.83760504 -51.4499204271506 0.332957783781
2453483.83841755 -48.5826735953287 0.325649655957
2453483.83881352 -51.350797127443 0.300052663334
2453483.83961413 -45.8377505971439 0.439489253648
2453483.84000006 -50.0860467917992 0.327581295682
2453483.8404088 -51.6553837870451 0.287353020791
2453483.84084891 -49.1952132893584 0.278338910056
2453483.84128136 -51.1798227505624 0.287454643029
2453483.84184255 -50.6289094300391 0.251801899056
2453483.84229711 -50.7997455133518 0.253455032088
2453483.84275737 -51.7704439302543 0.253515434787
2453483.8437803 -50.9893026506925 0.309272260836
2453483.84421958 -50.843584139624 0.285472923078
2453483.84464291 -50.884542798316 0.306715318614
2453483.84507884 -49.6315564352572 0.307717214104
2453483.84551431 -51.3401624690614 0.288265679706
2453483.84600639 -48.372434131672 0.39717161723
2453483.8468567 -51.3607655802989 0.411018152312
2453483.84733851 -52.7695701447137 0.383057730485
2453483.8484405 -52.679929689426 0.349100331087
2453483.84897483 -49.1590215814285 0.357143068329
2453483.84949156 -49.4057573982573 0.397494161017
2453483.8500157 -47.5955675377081 0.432106599358
2453483.85052549 -47.8926000737738 0.451771300847
2453483.85106562 -49.0110269680245 0.429096193465
2453483.85176523 -50.745307376239 0.297661457978
2453483.85722879 -54.1434177247247 0.261615380543
2453483.85769448 -55.6851209704328 0.239716581806
2453483.85815577 -56.6029975374986 0.246212287605
2453483.85862586 -54.9858943455547 0.357637644913
2453483.8591022 -52.7678006860842 0.557746659412
2453537.69481545 -471.886389563524 0.502932380759
2453537.69522079 -471.391876484497 0.437636213956
2453537.69560265 -470.903165943699 0.425547589838
2453600.40251184 -426.710204876141 0.39165823778
2453600.40289724 -427.393047292069 0.450238469422
2453604.43071634 -400.780113057484 0.638123774492
2453604.4393186 -407.302591984349 0.742106000097
2453604.4406514 -416.588624265336 0.5062030491
2453604.44107109 -406.155213008478 0.278227912571
2453604.44149193 -406.064985096771 0.588500528101
2453604.44193174 -401.021095462787 0.791740710982
2453604.44236717 -398.658673982958 0.405314757798
2453604.44281591 -403.132340953835 0.474135566315
2453604.44323468 -404.181757497139 0.52940546505
2453604.44368353 -403.835200955033 0.599384171205
2453604.44410066 -403.788324729823 0.413327684331
2453604.44450683 -410.672661224631 0.434906519073
2453604.44492232 -399.280682941604 0.479853018535
2453604.44533658 -403.299480654972 0.637837768766
2453604.44581726 -404.426541627348 0.729512648035
2453604.44716163 -403.140074809075 0.665420897148
2453604.44762309 -401.305292492492 0.334615981349
2453604.4480482 -405.479233148497 0.425312036953
2453604.4493553 -403.78145298767 0.728126317844
2453604.44977117 -400.989257389221 0.561722961138
2453604.45018876 -404.26516039687 0.375563870503
2453604.45059943 -406.239496460446 0.402248278864
2453604.4510197 -405.680632042331 0.348083000804
2453604.45143035 -408.173596653054 0.383561589441
2453604.45616204 -397.05375440378 0.524538399346
2453604.45660883 -405.144216446868 0.600349345973
2453604.45702873 -392.208125148696 0.536896700523
2453744.77992675 877.454161611673 0.299050422828
2453744.78033978 874.770479029798 0.300821172187
2453778.74807778 834.472031701305 0.273702034949
2453778.7485112 831.275317717114 0.249735708214
2453808.62618529 632.801102670099 0.337095056919
2453808.62666153 632.547237162817 0.370743534275
2453808.62710604 632.53211916369 0.286931152695
2453828.63422801 444.466364618904 0.305997577896
2453828.63474487 445.006377211639 0.277096227691
2453828.63516322 445.363447858736 0.291214565784
2453828.63557905 444.588872677568 0.281070799267
2453828.63600248 445.762830843856 0.300577782402
2453828.63644871 445.665117040051 0.294210906427
2453828.63685992 446.104468761554 0.315774632877
2453828.63727582 446.465586101329 0.313442986085
2453828.63770737 445.45654811599 0.292202712003
2453828.63814574 445.56597643289 0.284862402978
2453828.63855217 445.740795703528 0.29048129236
2453828.63895341 444.713770801756 0.279193575811
2453872.52228375 22.1465950250135 0.29051670331
2453872.52275046 20.5208458394386 0.31165218096
2453872.52319033 17.2943690505028 0.31365647342
2453873.71067082 1.36442960542377 0.279165629686
2453873.71111784 3.88347907780121 0.271463036137
2453873.71151974 2.19299362771164 0.273358895629
2453873.71303055 4.12306263787048 0.279770410455
2453873.71345258 4.01143533692311 0.276624596979
2453873.71391826 3.02393044133282 0.270794643223
2453873.7151419 1.73899733365693 0.265627171052
2453873.71555894 1.88521589826939 0.271524661275
2453873.71601501 1.61260610499255 0.272071082606
2453877.573909 -22.357401908325 0.298947756623
2453877.57437746 -23.2005072240016 0.350689582905
2453877.57480342 -22.5209035069079 0.30046696142
2453877.57525242 -23.3544113492757 0.299953437441
2453877.5757145 -25.1173480472895 0.276353548651
2453877.57615829 -22.5083285449317 0.280355036996
2453877.57661331 -25.6603257803841 0.289421351301
2453877.5770313 -23.5784646921788 0.266535682882
2453877.57748435 -19.2543325687677 0.325409528734
2453877.57788983 -22.9145716561962 0.304834672731
2453877.57830851 -24.4054762319448 0.238947752895
2453877.57875855 -21.8723258088542 0.264330717715
2453896.6644429 -155.49387017208 0.513452209517
2453896.66485404 -153.945661271069 0.583089717264
2453896.66526033 -156.799846201122 0.537163437169
2453896.66569485 -155.392587961755 0.648546985191
2453896.66612727 -156.899697547377 0.621921151884
2453896.66655717 -157.4565563594 0.633579860006
2453896.66699528 -157.955099222933 0.552205110295
2453896.66742436 -154.503788456383 0.675143215342
2453896.66782557 -156.286724899643 0.621542035605
2453896.6682264 -155.340901317339 0.612355727459
2453896.66863811 -154.337650925941 0.606484264608
2453896.66909221 -154.586654690598 0.681028775067
2454113.77226685 1169.37216802618 0.301712733511
2454113.77265393 1169.83284897505 0.302422573798
2454113.77303671 1169.92967596923 0.292908450334
2454113.77341791 1169.42810742231 0.314663643535
2454113.77380116 1168.35983499301 0.326426664398
2454113.77418188 1168.41844729903 0.319364989693
2454113.77456387 1168.4667824132 0.284330334745
2454113.77494621 1169.55787188225 0.31210293327
2454113.77532775 1167.7824157394 0.295840247195
2454113.77570985 1168.25112397207 0.290518314269
2454113.77609171 1167.64185253264 0.309348599687
2454113.77647347 1165.82124668737 0.300369025908
2454125.72659574 1170.75787623453 0.323354456988
2454125.7269745 1170.21951144871 0.338556174297
2454125.72736773 1170.43311948394 0.326321688672
2454125.72774948 1169.60842944539 0.354907493834
2454125.72813148 1171.47536160349 0.327397356376
2454125.72851393 1171.33253044902 0.312302452732
2454125.72889569 1171.89180402304 0.299375810526
2454125.72927757 1171.15283768653 0.311038342158
2454125.72965957 1172.74527849344 0.315935910558
2454125.73004154 1170.69643202249 0.302719781315
2454125.73042482 1170.67760732309 0.300567591664
2454125.73080542 1170.12603295606 0.321606864141
2454192.74346428 740.794844703372 0.305487772683
2454192.74385413 740.791466845632 0.34097934891
2454192.74423485 737.983762564594 0.368859602232
2454192.74461684 740.0907921491 0.352556640287
2454192.74499859 739.737175146465 0.338933451401
2454192.7453807 737.485346678161 0.33247121749
2454192.74576245 736.638114722604 0.463587520227
2454192.7461457 738.365427698151 0.487409218721
2454192.74652654 737.185048883064 0.659175366834
2454192.74690852 738.013637668326 0.70803720046
2454192.74730185 737.617990373514 0.744839384879
2454203.55931946 640.985869073018 0.29359499125
2454203.55970619 640.00781240688 0.281285752785
2454203.56008807 642.273242537854 0.371595218149
2454203.56047085 641.418391156129 0.28828538648
2454203.56123448 639.389746262437 0.252733937131
2454203.56161599 639.188983319304 0.275943966508
2454203.56199811 638.70504259167 0.268164792076
2454203.5623803 640.767521246476 0.274982581573
2454203.56276193 638.894492189584 0.293176013351
2454203.56314391 640.232427544455 0.270650413794
2454203.56352566 640.808072546572 0.296515742473
2454246.5052124 245.478983304231 0.47361299527
2454246.50559216 243.002160730703 0.434732113923
2454246.50597296 241.60775483925 0.44618807274
2454246.50635531 241.430803917227 0.500821758839
2454246.50673577 244.651313813296 0.488964962803
2454246.50711261 241.106044836809 0.410340218684
2454246.50749366 242.855579673872 0.426494327856
2454246.50787249 243.749389500063 0.371570356942
2454246.50825283 246.184102333172 0.407334098653
2454246.50863351 242.455487314362 0.463968082097
2454246.50901894 245.445068331033 0.407532685556
2454246.50940496 242.435092425639 0.488900336099
