BJD RV eRV
2453537.87315351 1410.25469562033 0.223850231549266
2453744.96571642 2411.78040936771 0.110093201943918
2453808.81740832 2065.46327217758 0.130363921602568
2453828.8093704 1843.91194641696 0.0699815969769641
2453872.69222603 1344.2432325809 0.166042286055608
2453873.89821611 1321.40728827233 0.124450961600588
2453877.74102423 1291.09210890761 0.0522921107837497
2453877.7509386 1289.94587002957 0.0693751226531359
2453896.84188736 1122.4326950324 0.397074063041
2454112.93953714 2076.46544265746 0.275156339929
2454113.9493537 2076.37733478408 0.073047012342638
2454125.90361181 2060.82789676666 0.0715884708087655
2454161.89559708 1839.11700942227 0.0631981148848268
2454192.92061721 1509.73167800585 0.0701913504946429
2454203.74901718 1393.08539300826 0.0684023261908859
2454246.68210212 918.918945272501 0.113654075490512
2454525.00660415 1500.5439601435 0.0665039885616874
2454525.98130618 1493.05348720591 0.0935667827555326
2454526.97918701 1485.77255205893 0.141108032670969
2454527.9907799 1474.89111228489 0.189613736079
2454528.94263193 1470.73322140376 0.301983579345
2454528.97313869 1467.44086674303 0.0675521397105955
2454529.93491591 1460.16785249011 0.132681680914817
2454530.92892738 1451.82371628421 0.0817056937456456
2454548.92430847 1263.19192926228 0.184343024938
2454549.86533313 1256.90807995271 0.0737846255222191
2454550.9096398 1240.84209434171 0.0535433658264234
2454551.952779 1227.64920461654 0.0653941752811352
2454552.94173959 1216.87989088129 0.0773031849033547
2454554.89196006 1196.87587090822 0.051431165607117
2454555.90576973 1183.80996145101 0.0924890860294507
2454556.8548078 1174.57815635299 0.0741399835245762
2454557.85996215 1163.70233585288 0.0597370577624278
2454562.87957868 1103.45436123071 0.14773503341637
2454564.82976453 1082.08653436175 0.204218331949
2454565.92765593 1063.10707100397 0.105832527214959
2454566.87288183 1055.8458018847 0.104272769852169
2454567.90241364 1042.79957640739 0.0785905403690653
2454569.92131638 1017.23222934078 0.154805060219102
2454570.81838368 1010.63284634528 0.0509246780588349
2454571.82394837 999.409576914077 0.072929054578608
2454610.81508292 566.70844391217 0.0588866828864764
2454611.73764341 561.729719605701 0.053272595783977
2454612.70980201 556.078826004026 0.0618804479673424
2454616.73299715 515.474703828067 0.0575982930965593
2454617.7199136 508.537009487958 0.103640598409024
2454618.73806951 501.979568634061 0.128266701809611
2454620.6931974 488.969015251455 0.131959326458327
2454638.79195005 351.143708435283 0.0557457991326662
2454639.73544281 350.827750897822 0.0547292019720939
2454640.72162618 347.234547457482 0.0779896077499516
2454641.67446853 342.627906162745 0.053861594685669
2454642.69794971 337.387994718815 0.0857916217900903
2454643.70024396 330.460163547951 0.0769888243816331
2454644.73233995 323.316376241431 0.0555156236804826
2454644.73786011 323.238991275668 0.204826840447
2454645.65700254 324.280046493372 0.0716444681402575
2454646.69122986 316.817421770564 0.0510596792436471
2454647.64426012 314.129732226727 0.0577650083592239
2454648.74180139 305.27865616016 0.0552238401014678
2454878.90397764 1231.37262200034 0.0604750696234428
2454878.99606886 1225.51622347343 0.0457469389964365
2454879.87139243 1227.62062313182 0.0543498974125751
2454879.99678572 1219.90237971789 0.0714204077524737
2454880.87867452 1219.69415774317 0.0519655717035038
2454880.99168259 1208.4602227798 0.108008111681704
2454881.86761478 1213.98136211539 0.0522967854130623
2454882.00308761 1205.27405651041 0.0815337966162378
2454882.86467133 1207.44318670143 0.0544425888402697
2454883.87539764 1201.14694435239 0.0505011722671313
2454883.99676542 1193.06685901081 0.0481320531687297
2454884.88890009 1191.86558570105 0.0554004928787974
2454884.99021494 1185.82988226306 0.0571749410465804
2454885.96279439 1178.58040310971 0.0684809681878637
2454886.85220043 1176.58827799324 0.0613281689588215
2454913.86434762 905.7828947204 0.114915497105905
2454913.87356444 904.658270117947 0.0410749205008172
2454913.88424795 903.713961268495 0.0403201827908106
2454913.89289805 902.231347886164 0.0518051333548381
2454913.98309954 896.220516521606 0.0518907624835961
2454913.99467685 895.804919028209 0.0575062037462982
2454914.00103503 894.227870114897 0.177783374154
2454914.84736741 895.637928209305 0.0743592689764175
2454914.86604398 893.609325852013 0.050494510551854
2454914.93160756 888.989475207892 0.0629777371967543
2454914.95273563 886.531346492847 0.0548275901728172
2454914.98716456 884.327304107417 0.0545733546141404
2454915.00356976 883.88737754103 0.0639518063346758
2454915.01152561 883.703068055284 0.127567157581933
2454915.84843029 881.896076012532 0.0654387874847614
2454915.92023983 878.210554903328 0.0447385581851141
2454916.84529936 871.781440203711 0.183949252235
2454916.92743674 865.049311863573 0.126729272594666
2454917.0012522 859.89850886051 0.0448712345903744
2454917.92008953 854.93062928529 0.0538192910962233
2454918.00302326 848.710143659801 0.0433038152567536
2454918.80575002 849.816813480644 0.0632130814563818
2454918.81332895 850.221008911484 0.0731196417814322
2454918.89334528 845.537506673571 0.0651537059069547
2454918.89808947 844.272909341031 0.10997460686771
2454919.00266329 837.506486484712 0.0533564118972346
2454919.01021501 836.673919177218 0.105921456287201
2454920.83599384 826.383166141772 0.177527071834
2454920.91316154 821.367985652047 0.180356324362
2454920.99366895 814.697533564397 0.0587578097630828
2454920.99961013 813.793751481262 0.0692990941520576
2454932.77796646 686.744650824253 0.0435295295678008
2454932.85494835 678.558416304529 0.0642204962256775
2454932.94307786 675.821021088083 0.0818131698352953
2454933.80105636 675.015950888834 0.0424277601209213
2454933.88606339 668.027502393605 0.0476923834285522
2454933.95151482 665.429594351622 0.0687677763279447
2454934.77601126 664.785196001679 0.129702403949299
2454934.93613717 650.827389114534 0.0474719658328366
2454935.75323573 652.200310498994 0.0456194005102212
2454935.85212803 645.270200324723 0.0512383343819626
2454936.77603402 639.371958295733 0.0434908601776872
2454936.86520036 632.561170990129 0.0463689608524301
2454936.93783281 627.185958962221 0.0539451034189161
2454937.76726279 626.138357144154 0.0420052565719839
2454937.85342294 620.716084422583 0.0734691832112058
2454937.93082566 612.37575589815 0.130038452898915
2454938.7798494 613.309678090956 0.0497653706322116
2454938.83897524 609.023234675984 0.0470489440831376
2454938.9198169 604.102353538012 0.124513511599143
2454939.78227443 603.159930601631 0.0509910992637471
2454939.84377735 598.829176501026 0.0535353548529698
2454939.91396795 594.056566111923 0.0554317910476788
2454940.78821541 589.737093633428 0.0430473077261098
2454940.85997795 586.680229824727 0.0449877668770836
2454940.93890609 579.811837903698 0.0436807341175984
2454941.93436705 567.250746216599 0.125155281509573
2454946.76843582 518.50091048116 0.0798576350743635
2454946.85556884 514.441497458334 0.0621346420815262
2454946.86194274 514.831072820062 0.126665951964951
2454946.94779043 508.688202859235 0.0432777239904558
2454946.95442561 508.071958137684 0.0898285407444656
2454947.72244443 511.833006180142 0.0441162328290145
2454947.72893774 512.046924922273 0.129859707018518
2454947.81795103 505.649736822347 0.0694842544697187
2454947.82774031 504.716339518859 0.123438862838525
2454947.88256582 500.933943824298 0.0798647773783639
2454947.89114521 500.591395013093 0.126420054498487
2454949.73036799 490.530602092973 0.176481602922
2454949.81442305 481.626104130475 0.0449920287552747
2454949.82011391 485.286331778554 0.180706437827
2454949.92866076 474.256180359269 0.0427989397381344
2454949.93517104 474.01549696429 0.0931807390888812
2454950.72869479 477.065674671855 0.0438892118058693
2454950.73452999 476.700031556522 0.130368705918398
2454950.82205486 468.999835820442 0.0431085008094881
2454950.82878025 467.568659478427 0.0940703600086628
2454950.92392537 462.64158651638 0.0431446258267834
2454950.93052647 462.123139427711 0.085190500142318
2454951.75048816 461.999168840948 0.0425842876667346
2454951.75753582 460.95611983046 0.0698183784706856
2454951.85495654 454.992197282633 0.0430612215548664
2454951.86147716 454.762747339468 0.0989829762722462
2454951.94772326 449.220102463564 0.050186335919831
2454951.9545061 448.984874075171 0.0914313542256134
2454952.84141348 443.626476546709 0.0744729429692528
2454952.92381383 439.074511898349 0.0759878943881473
2454953.71043327 442.200238625842 0.0713910748103787
2454953.81496223 434.714665576362 0.0729114479206872
2454953.93759118 427.1184757726 0.0749915606428606
2454954.71713041 429.75112260522 0.0651610286918402
2454954.82919308 423.159081778859 0.0696280245964598
2454954.92444455 413.664044387915 0.0655229438983769
2454955.70385124 419.011623618618 0.0540410032978471
2454955.84031761 410.867527968718 0.0575518185701346
2454955.92146358 406.225582488902 0.0605599894664726
2454956.76146704 407.310585525909 0.0652421603431832
2454956.84520022 402.005564341378 0.0687905112821943
2454956.91668247 396.153255408589 0.0677701485971994
2454988.62799971 98.236302432392 0.0678090920399469
2454988.70191161 94.1206351246913 0.0614421733564171
2454988.78012169 88.6406744646611 0.0709914153383321
2454989.625691 89.668748685763 0.0755833095091074
2454989.70429009 85.3243136012124 0.0680923999201088
2454989.80234282 79.9201409475494 0.153649354920214
2454990.65502902 81.8979713122587 0.0751671978056812
2454990.72158982 77.914720256244 0.0695009846984512
2454990.81307978 71.7009760752598 0.0733304971380711
2454991.68607101 71.201709051983 0.0616010474942997
2454991.73785251 66.9521627694763 0.0644607689344359
2454991.80439485 64.031024413608 0.0664701129768302
2454992.64707682 66.5102035886288 0.0719702558021238
2454992.7290136 61.461003045765 0.0644431007147312
2454992.79727624 56.5441866115408 0.0653551482883518
2454993.68756196 57.1913989329222 0.0961342385711425
2454993.75260849 53.1809023158375 0.0650425145627638
2454993.81083743 49.7264557562622 0.0675855082167741
2455020.56073572 -76.4790382779996 0.0449928892016332
2455020.67489935 -84.250016315279 0.0537604486776554
2455021.56546258 -83.0122667552092 0.0655390477712289
2455021.69439274 -88.4072235227861 0.0524110030626747
2455022.56567234 -83.9023410700066 0.0491456665758224
2455022.67286055 -91.1896651127411 0.0489347062521796
2455023.62901509 -88.5788107088895 0.0670881583362506
2455023.71207641 -93.1642305270717 0.0762550324134119
2455024.57093477 -86.4776343968338 0.0713894127486153
2455024.68354811 -93.5356102414269 0.0659738216427445
2455025.60907292 -87.9515361679709 0.0777904896757846
2455025.69612264 -95.2628318040561 0.0608492872355503
2455036.5829717 -103.91383313123 0.0404012061184205
2455036.64631441 -106.938203937983 0.0458301355426962
2455037.63387016 -106.400963964763 0.0413223676975843
2455037.70430707 -107.426439798309 0.0494987580265998
2455038.58214869 -102.181169807542 0.051476543088439
2455038.67131646 -107.432605594705 0.0471585091177752
2455039.58774602 -103.75637093793 0.0635845809571345
2455039.66928652 -106.622739574243 0.0448544439066804
2455040.57063284 -101.58192346306 0.0538057892252095
2455040.63690047 -102.691015297138 0.0733857191401011
2455041.5773842 -100.640861617518 0.0627213238467962
2455041.64083486 -103.136315385364 0.0392496609514096
2455041.64815235 -103.762728648031 0.0630098380398462
2455042.66671243 -105.35798613318 0.0366330308900716
2455042.67304111 -105.874322193153 0.0880047635517181
2455045.61802442 -96.771906990664 0.0446788923679718
2455045.62531708 -97.5501112244564 0.0746771281227494
2455045.68387657 -99.9532396535147 0.0456102024784061
2455045.69092489 -100.428207255817 0.0815679633292454
2455046.61668252 -94.6437396950007 0.0423952256803516
2455046.6237299 -94.6368217843515 0.0747730374992471
2455046.68751926 -97.4629765668328 0.0471549376861231
2455046.69456809 -98.4406162854413 0.0813829187001853
2455047.59617892 -92.5434953359184 0.0407240334278742
2455047.60323868 -92.9012626735166 0.0661325427821075
2455048.60464903 -92.7659282657322 0.0468288853492757
2455048.61169691 -92.8719578737954 0.0796658800703127
2455048.68125665 -95.8718907265899 0.0478856047376258
2455048.68832407 -96.6914350139556 0.0837628632300242
2455278.83676423 533.302571730135 0.0567847707880693
2455278.90059465 529.114484327032 0.0591211164059037
2455278.96980728 523.494796834185 0.0544612964166226
2455279.83025609 522.651254779272 0.0593810087846911
2455279.91534833 517.103027321287 0.0693047277283152
2455279.9924374 510.811032937467 0.0580689316172669
2455280.82924845 510.353604533937 0.0493508070656588
2455280.92731508 502.607083668228 0.0508756902237052
2455280.99781013 498.71607498195 0.0547310015100569
2455281.83028217 498.570900325099 0.0470639701842134
2455281.92025469 492.97705363212 0.0518360920154956
2455281.98534272 487.306716819445 0.0677003788920459
2455282.84495414 486.762728066519 0.0514627477878704
2455282.92238416 479.522238571806 0.0477853172064166
2455283.83376366 474.658627886543 0.166725441296
2455283.92509752 468.599928407511 0.0539065902121493
2455283.99265994 464.01718027628 0.0949594911384267
2455284.7607609 470.379989515225 0.0477750968283336
2455284.85359035 463.296408913803 0.0571330057277848
2455284.98271971 454.210085798506 0.0570510953871376
2455287.73880355 436.70649237884 0.0591577045889457
2455287.84307411 429.853851722916 0.0625182666270861
2455288.74411994 422.256164231492 0.0728095365202005
2455288.91597996 411.033587854218 0.0939557819666457
2455289.80747277 406.88232128161 0.115175040642096
2455289.89478448 400.187507250657 0.0572882482697906
2455289.98735126 392.65021211165 0.0507119385896075
2455290.75328165 397.983629163321 0.0474373274861992
2455290.83394986 392.919405378753 0.0506618855016165
2455290.9951798 380.857272885156 0.0549299577312746
2455291.73765226 385.67075172275 0.05349093045633
2455291.89905152 376.652749434304 0.0575494201133399
2455292.72349767 377.199922490666 0.0669957389231124
2455292.83813514 369.737924376078 0.0667279389975497
2455292.9236714 362.511422138033 0.0556552164793494
2455293.72016732 365.291306110889 0.0557815977779621
2455293.88276418 352.315106598856 0.0501028666555893
2455294.00876514 343.659723347409 0.0553024844750949
2455294.72947505 349.93779926398 0.0494054039479009
2455294.82882284 343.16530201851 0.0486846202810417
2455294.97038795 332.944640314268 0.0489835032916992
2455295.70998232 338.942132228557 0.0493042546512435
2455295.76949182 335.565650552709 0.0540438419030872
2455295.97466113 321.660730020727 0.0757670262429768
2455296.70880396 328.972099962571 0.0493740221415763
2455297.01341031 309.156264967485 0.0520883804178377
2455297.85078146 306.034820461315 0.0534717553064068
2455297.98547412 293.727680511682 0.198624454554
2455298.69540629 304.885498441952 0.0571235096200721
2455298.86651049 292.123322920822 0.0515399165663438
2455299.00957182 285.037468258251 0.0504569109249887
2455299.69498977 293.014371433074 0.0486899014325032
2455299.99114656 273.691365564581 0.0635941093146704
2455300.76470929 278.395657995822 0.0596277809893142
2455300.86456624 269.433572211555 0.0506580240150701
2455300.99682746 260.610494689348 0.0492109295806025
2455301.88935723 256.471896116648 0.0585383078563709
2455301.98377071 251.20351569482 0.0676013585216156
2455304.72002628 236.405860106714 0.0593121718089947
2455304.84662536 227.834324706455 0.0636845104494732
2455305.83241585 216.653178154907 0.0801349492227242
2455316.00890807 88.0339072301767 0.0651658623398414
2455316.01463311 86.9406652184171 0.252903799629
2455320.69158307 51.119205132891 0.0493393879757591
2455320.69836847 52.1553388030173 0.117142368532562
2455320.77452959 42.818425824669 0.0450864170955637
2455320.78376288 42.9463408136646 0.0519072018578755
2455320.83534494 40.544936226624 0.0609766241498376
2455320.84156397 41.8842502107727 0.32721367787
2455321.69893909 38.3560657191514 0.0398619911001713
2455321.70476385 38.2863669285087 0.133126054398558
2455321.76868652 32.521547822745 0.0397269169928429
2455321.829275 28.5029107512972 0.0425522085053115
2455321.83421144 27.2144424292346 0.177033508277
2455322.69018223 28.9264016060208 0.03844460434118
2455323.67725623 16.5987964114128 0.0381148353277178
2455323.75063217 12.1570863070801 0.0374611889893404
2455323.75620067 11.7393941091068 0.168986615516
2455323.82948192 5.79268169646812 0.0388951765393911
2455324.66735571 5.62780652785939 0.0490130926817503
2455324.67294494 6.01117391404478 0.217391572093
2455324.73705091 -0.166758557960718 0.0380074993617175
2455324.82476688 -5.87605234110307 0.0437900826463413
2455324.8303549 -5.46556557447275 0.199290003502
2455325.65287481 -4.46623442645468 0.0442742219549027
2455325.72356785 -9.11594239919402 0.0437141402579627
2455325.82402216 -16.8927162500452 0.0488253295031936
2455326.66750141 -18.2122129771364 0.0394581552058919
2455326.75632629 -27.5340046265291 0.0388631794510949
2455326.82531958 -30.022597161817 0.0423508697558611
2455326.83090516 -31.1615604096414 0.206564503619
2455327.671516 -30.3101761536662 0.0381878118195176
2455327.75909517 -35.9540199062137 0.0393714689745786
2455327.83857406 -40.3199004421335 0.0458683650601248
2455328.65958158 -40.1872306982392 0.062276786197628
2455328.7556756 -49.192619752877 0.0435903704021487
2455328.87170787 -55.4485592355321 0.0514200256849648
2455334.69299747 -109.208936616904 0.0445505337872532
2455334.78401286 -113.716274753636 0.0424577365317023
2455334.78960922 -113.363793853165 0.185606619803
2455334.85695505 -119.421851004569 0.0525563321165306
2455334.8625711 -119.029946100571 0.279285109231
2455335.68181982 -115.585234841821 0.0380932394208135
2455335.68742211 -115.226614581973 0.17999419269
2455335.75998936 -121.189874082503 0.0483529246168866
2455335.83867071 -125.966602521023 0.0496989817609982
2455337.61399662 -131.616182941767 0.0403408994467813
2455337.6195991 -130.590072712412 0.197939898366
2455337.78842873 -141.851280024264 0.0447880274520805
2455338.58762229 -137.882880124164 0.0544389538681711
2455338.71046231 -146.921683043113 0.0547263321329241
2455338.83861232 -153.172615744063 0.0684262099689989
2455340.64163298 -159.870708660584 0.0484835685390934
2455340.64723123 -159.976807171799 0.236163430891
2455340.72807814 -163.227397889276 0.0551755781573522
2455340.81808576 -171.285525295837 0.0495850829216465
2455341.5935928 -168.254503266317 0.0407066738824348
2455341.71976 -176.66782863714 0.038824576162191
2455341.72536436 -176.836254787455 0.173910189337
2455341.8457946 -183.997756886971 0.0377185753175362
2455342.7895169 -189.301769527491 0.0433261037657501
2455342.79511172 -188.819683179461 0.202686496544
2455342.85655274 -192.863058866993 0.0463333549881654
2455342.86215519 -193.117839811285 0.187860008724
2455349.56650974 -227.400881287783 0.0554748335069671
2455349.57380218 -227.495733724588 0.0894312918148426
2455349.70210204 -240.124734050194 0.0471389939421305
2455349.70933797 -240.735052065257 0.0778431550146015
2455349.84284885 -249.422589051353 0.0655632076508987
2455350.74992253 -255.34172908118 0.0606400948052245
2455350.76122666 -256.097794808996 0.0840608074985984
2455351.56947815 -249.384359599802 0.054458970382542
2455351.5776518 -250.372109877556 0.0594458559668264
2455351.68338946 -258.799500146089 0.0579747258123134
2455352.56385577 -260.513934647001 0.0505279968285239
2455352.5709632 -260.596090664389 0.0962326387193118
2455352.70873381 -268.574093282533 0.0649713383730438
2455352.715947 -268.295395486025 0.241022527104686
2455353.56147405 -274.445195572792 0.0449115835286648
2455353.56757412 -274.958558134141 0.121327523329089
2455353.68724942 -277.324218921694 0.0407218125947656
2455353.69336793 -278.165992175466 0.103254297577426
2455353.81755564 -286.718950883069 0.0391632234484948
2455353.82340228 -288.201734359484 0.135807875504625
2455354.55420087 -279.754120442008 0.0428584868778437
2455354.67401396 -286.818445555545 0.0512952000734871
2455354.6808046 -287.631066517319 0.0907896215869578
2455355.56209302 -288.967039768176 0.0415054730378827
2455355.56793016 -289.415628202987 0.139917247819117
2455355.68449291 -298.163758632419 0.0381787006617787
2455355.69058544 -297.540226594856 0.105789854834528
2455355.81047528 -305.287343424223 0.0505105118892602
2455355.81633218 -306.666140636627 0.167715371138744
2455358.72085858 -322.246918550453 0.0437713787857002
2455358.72811047 -323.195695162767 0.0709394350432812
2455359.55424592 -320.768290519491 0.0418992065871637
2455359.64487447 -327.673511620731 0.0477209762474222
2455611.88537438 446.712168017081 0.119276585820495
2455612.90196635 437.254914795709 0.041034441377816
2455612.90901329 437.120995234043 0.0719196328161432
2455612.9866601 431.195869336689 0.053271236694606
2455612.99408537 430.853745938086 0.121819003306909
2455613.8808572 430.866070414044 0.0500132695500084
2455613.88871111 430.267475856769 0.132364801392475
2455613.97445441 424.080279225589 0.0446233316001282
2455613.9809828 422.624848190164 0.126755583477078
2455614.87216398 424.291685295323 0.0455279072999184
2455614.88035572 424.231883939345 0.176385176033
2455614.92564404 419.728216441164 0.059730998856049
2455615.90544283 413.888515370621 0.174913933323
2455615.98665254 407.804666842061 0.178580995968
2455616.89155937 408.127523955315 0.041296416160186
2455616.89809399 407.434514759644 0.0901054199593674
2455617.87067407 403.609284453705 0.0414230471705714
2455617.87765931 403.296090453893 0.0709805659674994
2455619.85899259 392.152979367893 0.353625879857
2455620.87490913 381.70138229305 0.0599757664317011
2455620.95651241 374.510156380008 0.0615830694364892
2455621.9490118 365.737549202801 0.0593892965665882
2455623.88388279 352.155384196409 0.22096143859159
2455626.88889405 320.25073958554 0.119456196185963
2455626.99106657 313.242565476943 0.0482345607902565
2455627.89488621 308.761421895651 0.165472935038
2455627.9839616 302.093898067403 0.119741754585452
2455628.89004019 303.070401953396 0.0574175481541161
2455628.96376031 295.095422201433 0.0676513891448319
2455629.87223343 291.258455294589 0.0500625014822569
2455630.9724953 273.586017444708 0.171143419815
2455631.87203972 273.428051716747 0.0579240015939122
2455631.96909954 263.50527179291 0.0752545480751034
2455632.86438423 261.251413435242 0.0569756599340171
2455632.93690471 256.493208361347 0.0513726463551787
2455634.97978229 231.686354589862 0.0536189401875992
2455635.85271006 232.493930493466 0.0585750669016127
2455635.91854939 224.837774230332 0.0543663804405561
2455637.86909517 207.405440709016 0.0430747158210683
2455637.87828172 205.646023574167 0.0732561342765491
2455637.92194533 204.544202810048 0.0470941665041159
2455637.93032092 203.62948417466 0.0741292642641444
2455637.99686849 196.577164637249 0.0423132138908923
2455638.00515095 195.825631306319 0.0679859955183037
2455638.81600354 199.185921474713 0.0406177714032138
2455638.82399104 199.053272190789 0.0732561189928256
2455638.92931458 189.817313881297 0.0958655782987981
2455639.94611459 178.708784067512 0.0391067798965832
2455639.95417605 177.258059392478 0.0642581157160767
2455640.86524799 173.497039229063 0.0413871232339717
2455640.87346625 172.722583762107 0.0640708048198537
2455640.96195188 166.732934730673 0.0433369752272362
2455640.97281554 166.625273263755 0.174291925097
2455642.83536502 154.86185634822 0.172072250695
2455644.92385936 128.936589493693 0.172424031052
2455645.83576944 121.978790547185 0.0458426198886552
2455645.84260512 120.669877182707 0.165979770712
2455645.94079336 113.773164611926 0.0844715402662593
2455645.95471657 112.687190005841 0.0758997687836828
2455646.82004591 111.727058539048 0.0535113900866925
2455646.82814135 110.811164870906 0.0652509588467343
2455648.84375237 87.4588789514528 0.16304439875
2455648.94538181 79.9397207432256 0.0757707125984216
2455652.81843418 39.9227578316786 0.0396599824071252
2455652.82914987 38.0063177192459 0.0452927668951408
2455652.83633444 38.9631620945229 0.0789725178784625
2455652.90330749 31.8933131906084 0.0383017100561361
2455652.91425377 31.4102600125629 0.0402440026613381
2455652.92295544 31.462303803082 0.0466762644451954
2455653.77190911 31.0575724590196 0.0373155599015546
2455653.77962825 29.8383848719172 0.0603810337431829
2455653.79190187 28.5968188629474 0.0702798924933375
2455653.85627229 22.9860269132589 0.0577888793069596
2455653.86197117 23.0534546303193 0.0833205249021547
2455653.90488912 21.0711925799727 0.042885410481444
2455653.91553938 21.7706804856131 0.041698089110938
2455653.92489311 21.5643644940768 0.0465365495129661
2455656.75889578 2.79201516641554 0.0513984007109337
2455656.77446715 2.36288689057201 0.0529301129251279
2455656.77986112 1.26490771283229 0.0617532663423006
2455656.89196309 -10.6661207046849 0.0544815307784184
2455656.91652193 -12.0244993830584 0.16730241021
2455657.74828609 -10.3807168164244 0.0420973580729371
2455657.75983032 -11.9181827451478 0.0388541269397811
2455657.76857079 -12.4135165235465 0.0489709428522493
2455657.82414133 -16.2072058474048 0.0403415942237935
2455657.83316421 -17.0593420361206 0.0466431120623638
2455657.84261318 -18.0543908415339 0.0707678882093046
2455657.89535528 -22.8407995175613 0.0757670639360276
2455657.90200975 -22.4577235736317 0.0468882181709292
2455657.91201348 -21.9479241757252 0.0985905979615987
2455658.78090236 -22.9751656363872 0.0530511410155313
2455658.79163797 -24.434264172716 0.0504758902000196
2455658.80089896 -25.0758232842037 0.0585575827695601
2455658.85773914 -28.8882761779363 0.0580405547280874
2455658.8682409 -30.0373165018422 0.0562837463089369
2455658.87770398 -31.5529298763264 0.0638060221236985
2455658.92738581 -35.9292187536354 0.0454912308407394
2455658.93806654 -36.6896092102729 0.0458157653844773
2455658.94729589 -36.3805546107063 0.0594708443269316
2455659.75095032 -35.5651614011821 0.0446805188850014
2455659.76178524 -36.5773862609023 0.0429051263913016
2455659.82390016 -40.4966746524727 0.042265297856014
2455659.83433555 -42.5926230823477 0.0430965824217535
2455659.89813913 -47.3756071287925 0.0852590026053248
2455659.91071645 -48.7872231223892 0.0635001018714882
2455660.72461809 -46.3545291014448 0.0476730595703048
2455660.7342137 -47.3629059254307 0.0581548860017031
2455660.80521863 -51.8102088557021 0.049566915912854
2455660.81423099 -52.9410341784701 0.0524788130552528
2455660.88550113 -58.9170756579049 0.068858215431491
2455662.73522652 -71.5724855953849 0.0459739094341387
2455662.74593462 -72.1173867254946 0.0420902081091009
2455662.75520044 -72.5536483867478 0.0489609337755412
2455662.80300037 -76.8984628620091 0.0399211266944726
2455662.81371055 -77.6835459754468 0.0431757687487004
2455662.82272154 -77.7808881146941 0.058177046900353
2455662.88752423 -83.2703237083207 0.0449821022613543
2455662.89822374 -84.2062455573759 0.0456696751485913
2455662.90721066 -85.1950173167201 0.0525441565646999
2455663.7637513 -85.9546820331021 0.0492375877278245
2455663.77441199 -87.2600643582332 0.0443728978732717
2455663.78365315 -88.420212209085 0.0537872310127981
2455663.82343899 -92.7336026018762 0.0595262416109386
2455663.83370021 -94.285525411418 0.0485987151744407
2455663.84281017 -95.3275660774584 0.0570226056301948
2455663.88963772 -96.4740545080869 0.0666219320635728
2455663.90023054 -97.4318384110476 0.0579869168490812
2455663.91005574 -98.0347286423236 0.0785384296750488
2455672.74812966 -193.447710259343 0.0515410190480185
2455672.89537825 -205.216644314747 0.0525313335591966
2455673.78800769 -210.638239911544 0.0514418546392157
2455673.87712299 -217.488036434917 0.0639018299525076
2455674.74882714 -219.819679752523 0.0499941801433879
2455674.85757987 -228.491861588289 0.100980732691097
2455675.71869914 -230.550364701954 0.05383088244021
2455675.83804712 -240.636725978488 0.0500568126041859
2455676.7219851 -243.067590826124 0.0879999665289921
2455676.87401441 -256.512203168435 0.0605996569514864
2455677.71450846 -252.81802933276 0.0565702430768613
2455678.71616257 -263.053878461668 0.0707992351418166
2455679.7463855 -278.565498657262 0.0910733630470089
2455679.94945295 -294.219926807786 0.221543220427
2455680.65943054 -281.606562396267 0.0711102172629218
2455680.77489989 -292.279468162298 0.0992466550513021
2455681.69905129 -296.466216745 0.0515950438516868
2455681.79343494 -305.348775780724 0.119495289711565
2455682.69799587 -310.121479169612 0.0737584004241076
2455682.80431632 -317.543491118843 0.0408891712016544
2455683.77674706 -331.361871137143 0.0569784927203355
2455684.71578264 -334.993265842354 0.0432191085613093
2455684.80462399 -340.686680298262 0.0459436831520698
2455685.71660435 -347.365380352263 0.0500580655003858
2455685.80449717 -354.928904633005 0.0502414367897534
2455686.71927948 -360.523147700012 0.0463321339266007
2455686.79856828 -364.710649855784 0.0546735978025124
2455687.63881284 -365.241965660551 0.0501527852152387
2455687.75407768 -374.47579937739 0.0512624344398625
2455689.74844385 -396.332406602764 0.0594281853136222
2455689.83126733 -402.533357001978 0.0539669648495271
2455690.78050097 -407.090107878784 0.0632807993787427
2455690.84580233 -413.198577627041 0.0515640155641244
2455691.64719053 -409.28881866511 0.0505888827278209
2455691.75204882 -418.858203697153 0.0466203575016311
2455692.68711921 -418.996204063478 0.0551366025276341
2455692.79470323 -430.02146195128 0.0457154992915718
2455693.6255255 -425.044517475824 0.0547598190290216
2455693.8400001 -442.15282233763 0.0465789198210913
2455695.64029075 -447.736231955452 0.0698562423884623
2455695.774249 -457.997947673822 0.120506641469959
2455711.66331492 -617.213769763516 0.356567346736
2455712.62165364 -622.904015564301 0.0399279988207499
2455712.6323097 -624.605896662378 0.0375031488224511
2455712.64127072 -624.275480160753 0.053190408441944
2455727.56167995 -734.851175347275 0.0519917688623744
2455727.59528257 -738.267788259191 0.0546924039387481
2455728.56858389 -741.829098785543 0.0466679200808276
2455728.62432598 -745.716426301443 0.0514340154449807
2455729.64009242 -749.485394389018 0.0613303449115004
2455729.64935579 -751.203049795555 0.0608579255660774
2455729.71217316 -755.685420920125 0.0570055057371285
2455730.73051744 -753.204647445117 0.0855318577459184
2455735.63632907 -782.799279875118 0.0612510590808103
2455735.67130345 -781.374776375378 0.0706834789096942
2455749.67182765 -858.102962307658 0.055950014587976
2455749.74297357 -853.888871023976 0.175139624831762
2455752.65108835 -850.038078283178 0.331921676837
2455753.6321941 -866.2678379279 0.0666017272361205
2455753.75605254 -869.589342234558 0.127370204693715
2455987.86733329 -48.1024188870124 0.0433370777736824
2455987.95079701 -56.605036893001 0.0470282681411327
2455988.85739755 -56.2805756624678 0.0428706540438323
2455988.96267692 -66.6232414962738 0.125236512850075
2455989.94320957 -76.0374511591158 0.0415083199181619
2455996.86917365 -135.056124357607 0.0492436572949667
2455996.879697 -137.243078929391 0.0440071407863315
2455996.88894139 -138.550541174671 0.0506719290409797
2455996.95474812 -141.36580738155 0.0454558615035152
2455996.96544572 -143.634186902348 0.0397373337023792
2455996.97481205 -143.573024122225 0.0516483476077191
2455997.83095379 -143.688433330827 0.0433844788263039
2455997.84154514 -144.641310094451 0.0413736245206464
2455997.85078457 -145.598925330583 0.0496256962728571
2455997.91174677 -150.114734924672 0.0444805557237171
2455997.9224556 -151.966414856649 0.0438923640548278
2455997.93167888 -152.489978014846 0.0497108546733686
2455998.8349492 -151.676774238394 0.0401273051221222
2455998.84565481 -153.068493811187 0.0387814197585179
2455998.85491281 -154.356620024544 0.0442480953698224
2455998.91790015 -160.082906040612 0.0386185897468965
2455998.92868537 -160.889374305403 0.0375754695035218
2455998.93794148 -161.391337437044 0.0424480823331258
2455999.86815703 -164.519629778865 0.0388758353546618
2455999.87885463 -165.25934352757 0.039109438802089
2455999.88786681 -166.554432286275 0.0484776421001297
2455999.96997572 -171.246496509799 0.0378623667179725
2455999.98045745 -172.696370979305 0.0370821478639977
2455999.98945594 -174.325763307553 0.0455156580838922
2456000.83130888 -168.242948015851 0.0469877183766487
2456000.84201826 -171.562985674826 0.043118509553135
2456000.85103332 -172.640188393331 0.0511566027563679
2456000.92745491 -180.823060837645 0.0386839146797555
2456000.93815719 -180.652128413363 0.0378868322040275
2456000.94717933 -180.394428058371 0.0483793273365886
2456001.82750688 -178.986896526263 0.045614205679408
2456001.83821495 -180.096579120759 0.0457308236018269
2456001.84721867 -181.77322620855 0.0527654560393794
2456001.90639643 -188.052237166772 0.0439996772026407
2456001.91707404 -189.84879246596 0.0403451976728451
2456001.92606385 -190.322784471355 0.0470437543383439
2456002.86745332 -189.225476472652 0.0552173121780354
2456002.87815817 -190.895163676324 0.0549541920388797
2456002.88730621 -190.396713903454 0.074917488660052
2456002.95928289 -198.620713772854 0.0490769497761294
2456002.96978804 -199.352375606566 0.0514536563682301
2456002.97900834 -200.366676594554 0.0581160102710934
2456003.81543077 -196.88426781547 0.0471612391130939
2456003.82614966 -196.994424340489 0.0498203767551358
2456003.83515087 -197.543841754838 0.0598239127326893
2456003.91216395 -204.717368372508 0.0482093360056148
2456003.9227017 -205.287261858521 0.0473202363509783
2456003.93171201 -206.886505114638 0.0555958109899287
2456004.89232832 -215.876114209499 0.0399826444992631
2456004.89841699 -216.454867454935 0.113578512091296
2456004.96590767 -219.581885147168 0.0456836722310772
2456004.97198467 -218.284956917168 0.135327000544824
2456005.83835172 -222.322596752125 0.173914084376
2456005.96892102 -230.423557885652 0.0474746037181581
2456005.97474481 -230.972787490831 0.151245607612448
2456006.83857566 -234.060446177211 0.0413678360254961
2456006.84441865 -235.716615032484 0.137193302564403
2456006.93462547 -240.829978357455 0.0395575632272508
2456006.94046527 -240.12412263633 0.13241899574529
2456007.7988701 -239.697877891236 0.0408983983623859
2456007.8047206 -239.280471397623 0.136174275568042
2456007.91611582 -250.904073976981 0.0395605138948996
2456007.92209592 -251.34439374099 0.174109786468
2456008.87702925 -261.356796661356 0.042922629125403
2456008.8828852 -260.45343496676 0.147143942639096
2456008.95995637 -266.072391521941 0.0412490469779001
2456008.96579575 -265.931282602261 0.142796453440015
2456009.88075546 -273.083235424043 0.0829943116664582
2456009.9641195 -278.574899921841 0.0387699505039633
2456009.97019634 -279.747712573596 0.102761267333002
2456010.8543965 -282.317273448472 0.0391048926530605
2456010.86024973 -282.570444451165 0.133956592879829
2456010.95268356 -288.902840029313 0.0400530150331237
2456010.95804537 -289.765975672508 0.168572939494
2456011.83798127 -294.589697896281 0.170250196347
2456011.98181677 -302.8864153674 0.118903925615031
2456011.9878799 -304.319703599762 0.171350543371
2456012.77586312 -299.134247271643 0.0388615211226241
2456012.78166626 -299.845228877009 0.141916403389982
2456012.91910634 -309.725835639988 0.0485442843459299
2456013.83008528 -314.734978940243 0.0427387560285238
2456013.83592603 -315.786457759453 0.133140789782877
2456013.93291636 -322.837898323805 0.0400112324183253
2456013.93874701 -322.926138843419 0.134114829243266
2456020.73060013 -394.098154197439 0.0559705578434792
2456020.86224621 -403.581385320269 0.0548204104074551
2456021.00508015 -412.948620124982 0.0658683518341041
2456021.70652913 -397.871788089894 0.0768971801591887
2456021.8402792 -412.739303332359 0.102108299612258
2456022.00608461 -426.951518665347 0.0561986739290465
2456022.75144656 -417.761486401683 0.0599174439999569
2456022.87902444 -427.314770741611 0.0628546714894666
2456023.78821001 -438.422160924261 0.054760968196015
2456023.92101349 -444.830075545956 0.0537335726059155
2456024.02013884 -451.122813446294 0.0498256559195277
2456024.72270701 -440.133375689274 0.0494205469005779
2456024.84809904 -449.880175059635 0.0573576462498165
2456025.00380313 -460.449271979156 0.0523981972339501
2456026.71009009 -465.547961312376 0.056363025345821
2456026.86102737 -477.75955784974 0.0607801831715631
2456028.71168939 -487.696572996017 0.0640614884722698
2456028.81530502 -496.353614152635 0.0595117784362618
2456031.97460844 -539.862554402708 0.0736256425553216
2456032.93816936 -552.449182792882 0.0642085137687212
2456052.75079308 -773.387481660528 0.0701545935598247
2456052.8344138 -777.652939733801 0.0600150286526078
2456053.67132744 -778.593749106822 0.0646300858581371
2456053.74638486 -787.733000023401 0.0597024232546695
2456053.82780009 -791.948706713412 0.0610291983946746
2456054.66215751 -792.308304724983 0.0708724734097419
2456054.74148169 -796.645064306289 0.0770520327866933
2456054.80917171 -800.778039837625 0.0796952060724132
2456055.68774305 -805.194647010758 0.0635743954313331
2456055.77360029 -813.774397094103 0.192324177730372
2456055.88353635 -819.368835471741 0.070069983053785
2456056.67999735 -813.0304089124 0.0696622930332636
2456056.75191681 -821.54095516964 0.0587087221130177
2456056.83799514 -826.654742159938 0.0690219973371106
2456058.64881485 -835.191744805042 0.0649629167816459
2456058.7253454 -844.888244664447 0.17612883176
2456058.75569275 -843.730629503922 0.07199406264948
2456058.86441967 -848.899552249988 0.0729686760551457
2456059.68786921 -849.819527711728 0.0686503509714219
2456059.76552003 -856.868593701396 0.0632078384895796
2456059.83122994 -859.269460834951 0.0748021182871828
2456061.64546613 -870.315355125771 0.0763096840117983
2456061.7292986 -878.046150166891 0.0732835105959714
2456061.81279493 -882.56400002262 0.0777830558732456
2456062.62905375 -880.650856797785 0.0897980122792348
2456062.69819527 -888.978279329083 0.0711390034832764
2456062.77066815 -892.875845079298 0.0738360503213959
2456078.64121961 -1038.064851654 0.0813402001267057
2456078.65393196 -1039.33992880468 0.0405737973196553
2456078.66010146 -1040.88885759725 0.176329759237
2456078.73748385 -1046.81956123063 0.0427214464973096
2456078.7568266 -1047.29598517535 0.0432171580024951
2456079.62051414 -1042.81266280346 0.131498535370102
2456079.69181118 -1051.78081138164 0.0536791649486988
2456081.61575932 -1062.47253096856 0.0560156229258025
2456081.7173045 -1070.10346621441 0.0492397702486834
2456081.80165236 -1074.43282654698 0.0639709506235385
2456083.59434229 -1073.2465918628 0.0700179713269181
2456083.68332338 -1080.6292958556 0.0584558577779494
2456083.77141328 -1087.45785137547 0.0545329078524733
2456084.64607886 -1088.88449310299 0.0544038804967071
2456085.76281128 -1100.8727791654 0.0552817695660323
2456087.60161189 -1103.25662457938 0.0519726779415139
2456087.68001716 -1109.19271180094 0.06586363701121
2456088.68061192 -1116.19915065157 0.0584187326093217
2456088.76093665 -1123.42470288252 0.059134771250418
2456089.57727756 -1119.78346225795 0.0560052716907667
2456092.67913615 -1152.35384114254 0.0465241427293485
2456093.57287434 -1150.73647348019 0.0490962109400711
2456093.70868237 -1161.6296186779 0.0487555981200405
2456094.581251 -1158.34937447009 0.0629241893764786
2456094.70627022 -1168.18620263049 0.0578968942049987
2456098.69491421 -1190.67961494206 0.0519562598534401
2456115.56472514 -1269.67644667596 0.0509777487465952
2456115.68801968 -1276.46476993604 0.0515628045367656
2456116.56926117 -1273.27858905747 0.0545868715602615
2456116.68815259 -1279.21542446727 0.0563834398789354
2456117.57097766 -1273.49894863841 0.0500550215757503
2456117.65247485 -1280.51098022234 0.0511592332963248
2456118.56644581 -1279.61937491955 0.0502610984469771
2456118.66069129 -1282.84705240611 0.0469432666934226
2456119.5530133 -1280.66297629132 0.0494620214760438
2456119.62648408 -1283.22264463242 0.0576461833918782
2456120.56038242 -1284.54401951337 0.047822229845472
2456120.62283906 -1284.84357085023 0.0553478100535953
2456121.55315534 -1276.28040422444 0.0660742895674654
2456121.6287942 -1283.78894897375 0.060680361008201
