BJDtcb1 BJDtcb2 BJDtdb1 BJDtdb2 RvTot ZB
2450000 -0.00227720908833689 2450000 -0.00238350568803053 -9018.06585184971 0.000030081029763096
2450010 -0.00272585569217128 2450010 -0.00283230733688534 -11954.1492015049 0.000039874749622637
2450020 -0.00306930746219647 2450020 -0.00317591415356201 -15296.1668991663 0.0000510225207172033
2450030 -0.00329612076944302 2450030 -0.00340288250926855 -18896.5494629458 0.0000630321042397464
2450040 -0.00339919264096871 2450040 -0.00350610943117285 -22670.8816862967 0.0000756219213703391
2450050 -0.00337382671897276 2450050 -0.00348089856154698 -26523.1180475015 0.0000884715987334861
2450060 -0.00322029226041952 2450060 -0.00332751915735109 -30279.4633584672 0.000101001417982527
2450070 -0.00294308523482101 2450070 -0.0030504671880275 -33863.46223274 0.000112956351399407
2450080 -0.00254964093254466 2450080 -0.00265717794382836 -37148.2993517851 0.000123913388614283
2450090 -0.00204100561588614 2450090 -0.00214869768703311 -39994.2496030142 0.000133406456819585
2450100 -0.00145563408514946 2450100 -0.00156348121734949 -42358.5960912527 0.000141293067790427
2450110 -0.000799672887811648 2450110 -0.000907675082159264 -44128.710144323 0.000147197532715526
2450120 -0.0000943545720967753 2450120 -0.000202511829357263 -45250.5629588425 0.000150939630905733
2450130 0.000638907704130668 2450130 0.000530595383524031 -45731.4263181755 0.000152543618419432
2450140 0.00137764701651626 2450140 0.00126917963247856 -45510.9690930776 0.000151808252271235
2450150 0.00209874484515843 2450150 0.00199012239796319 -44635.596475594 0.000148888323520113
2450160 0.00278129915055003 2450160 0.00267252164079487 -43154.9089678164 0.000143949281632083
2450170 0.00340485395869964 2450170 0.00329592138729937 -41076.0276072363 0.000137014879831421
2450180 0.0039511376259381 2450180 0.00384204999409082 -38519.5745139924 0.000128487470201777
2450190 0.00440543911935381 2450190 0.00429619642848573 -35551.8433780777 0.000118588184690349
2450200 0.00475460931596737 2450200 0.00464521156770856 -32241.0372020461 0.000107544524025505
2450210 0.00498957736115726 2450210 0.00488002455727845 -28735.5226078827 0.0000958513859874444
2450220 0.00510487560843015 2450220 0.00499516775078685 -25094.2097606523 0.0000837052737352462
2450230 0.00509727170080645 2450230 0.00498740879130428 -21427.5554007644 0.0000714746312956427
2450240 0.00496824830236653 2450240 0.00485823034288812 -17868.2725244902 0.0000596021415738557
2450250 0.00472199967924325 2450250 0.0046118266716062 -14458.8475143034 0.0000482295238871666
2450260 0.00436532277718643 2450260 0.00425499472310295 -11326.5383778451 0.0000377812652573306
2450270 0.00390920782621399 2450270 0.00379872472722589 -8681.88341755022 0.0000289596458679098
2450280 0.00336608510071339 2450280 0.00325544695816975 -6186.66497338234 0.0000206364930414038
2450290 0.00275103519401627 2450290 0.00264024200903233 -4323.820197074 0.0000144227117183648
2450300 0.00208189505598763 2450300 0.00197094682940206 -2998.42292784099 0.0000100016623094668
2450310 0.0013766808335577 2450310 0.00126557756592985 -2233.5475246493 0.00000745031259141715
2450320 0.000655585216522812 2450320 0.000544326908098919 -2101.13135894917 0.00000700861980640344
2450330 -0.0000605350089638469 2450330 -0.000171948358260926 -2566.04659544715 0.00000855941010846628
2450340 -0.000751752593946212 2450340 -0.000863320984502598 -3639.96619019487 0.0000121416202878422
2450350 -0.00139718364465905 2450350 -0.00150890707718468 -5326.89617053539 0.0000177686130133914
2450360 -0.00197769683085687 2450360 -0.00208957530635829 -7536.30533414812 0.0000251384086992212
2450370 -0.00247606822760056 2450370 -0.00258810174735141 -10254.5065952535 0.000034205352141492
2450380 -0.00287602335487141 2450380 -0.00298821192039765 -13405.2210273193 0.00004471500422909
2450390 -0.0031652628244336 2450390 -0.00327760643745189 -16862.4739608598 0.000056247158695566
2450400 -0.00333417100007206 2450400 -0.00344666966244817 -20575.6299849501 0.0000686329139906183
2450410 -0.00337613843108437 2450410 -0.00348879214478654 -24400.1566510174 0.0000813901617598978
2450420 -0.00328979734836064 2450420 -0.00340260611537832 -28207.9971414827 0.0000940917504385075
2450430 -0.00307671331849523 2450430 -0.00318967714079358 -31918.3653105619 0.000106468206450216
2450440 -0.00274275366052579 2450440 -0.00285587253997903 -35360.9449570811 0.000117951416099604
2450450 -0.00229861679537024 2450450 -0.00241189073368668 -38446.6459535128 0.000128244206708872
2450460 -0.00175727955503638 2450460 -0.00187070855372314 -41092.4084607764 0.000137069520477318
2450470 -0.00113581418267494 2450470 -0.00124939824297441 -43162.7883409638 0.000143975564391829
2450480 -0.000453950801379784 2450480 -0.000567689924228453 -44639.0052939247 0.000148899694114135
2450490 0.000267792309170478 2450490 0.000153898123154267 -45467.1267748857 0.000151662010039244
2450500 0.00100646964683911 2450500 0.000892420397392792 -45595.5511979857 0.000152090387804171
2450510 0.00173954794316974 2450510 0.00162534363038012 -45078.5322182589 0.000150365798122443
2450520 0.00244536352467506 2450520 0.00233100414896486 -43905.4863919768 0.000146452938425745
2450530 0.00310216581342834 2450530 0.00298765137555752 -42121.4600357882 0.000140502067052628
2450540 0.00369127352414612 2450540 0.0035766040251643 -39826.6116221097 0.000132847276705372
2450550 0.00419595987641579 2450550 0.00408113531763193 -37048.4926915984 0.000123580469431284
2450560 0.00460154510854264 2450560 0.00448656549149333 -33905.8289379961 0.00011309767151646
2450570 0.00489777153727017 2450570 0.00478263686365104 -30505.6246535106 0.000101755810860027
2450580 0.0050766194002939 2450580 0.00496132967192493 -26902.5483331539 0.0000897372419327302
2450590 0.00513356026021191 2450590 0.00501811547898329 -23247.903179944 0.0000775466578947226
2450600 0.00506841323176686 2450600 0.00495281339957158 -19624.5515773811 0.000065460457905786
2450610 0.00488300347183177 2450610 0.00476724859053453 -16106.9598081667 0.0000537270347480412
2450620 0.00458325235208709 2450620 0.00446734242346078 -12837.224546658 0.0000428203719076148
2450630 0.00417831249755598 2450630 0.00406224752323158 -9860.02742881656 0.0000328895112792216
2450640 0.0036905514004456 2450640 0.00357433138170726 -7262.39207529521 0.0000242247324157008
2450650 0.0031114305099013 2450650 0.00299505544816557 -5144.57737997251 0.0000171604629892741
2450660 0.0024686974870859 2450660 0.0023521673833391 -3512.91301698586 0.000011717816520207
2450670 0.00177979946455778 2450670 0.0016631143195157 -2452.02117836973 0.00000817906225769605
2450680 0.00106481244021936 2450680 0.000947972254286524 -1998.22930589714 0.0000066653755042001
2450690 0.000343539419475993 2450690 0.000226544192749868 -2128.20065314937 0.00000709891325267886
2450700 -0.000363486220145261 2450700 -0.000480636487885585 -2897.0857616272 0.00000966363790788627
2450710 -0.00103510289359436 2450710 -0.0011524082028979 -4267.25622697803 0.0000142340346233061
2450720 -0.00165217828468028 2450720 -0.00176963863639272 -6192.09394518241 0.0000206546021420673
2450730 -0.00219581211068005 2450730 -0.00231342750594012 -8670.31749395852 0.0000289210660995298
2450740 -0.00264896646791114 2450740 -0.00276673690812173 -11593.0812905972 0.0000386703567125668
2450750 -0.00299804012965355 2450750 -0.00311596561642845 -14895.2685410865 0.0000496852677364101
2450760 -0.00323102062603798 2450760 -0.00334910116117725 -18505.5918086153 0.0000617280098774708
2450770 -0.00334006743758748 2450770 -0.00345830302301272 -22267.1437846641 0.0000742751966917865
2450780 -0.00332142786005882 2450780 -0.00343981849774985 -26104.8699333172 0.0000870764731957241
2450790 -0.00317418874734381 2450790 -0.00329273443929458 -29891.8387101034 0.0000997084413314475
2450800 -0.0029028037489312 2450800 -0.00302150449706662 -33469.8020450006 0.000111643242356019
2450810 -0.00251526476045213 2450810 -0.0026341205665732 -36772.3899264787 0.000122659489740995
2450820 -0.00202280924906017 2450820 -0.00214182011479363 -39659.2494780813 0.00013228901668394
2450830 -0.00144139934669318 2450830 -0.00156056527341829 -42027.9257151588 0.000140190070142321
2450840 -0.000788737080153048 2450840 -0.000908058068974581 -43843.7846130453 0.000146247123445131
2450850 -0.0000849778586168377 2450850 -0.00020445391032707 -45003.3415570116 0.00015011498907358
2450860 0.000647357138506437 2450860 0.000527726023464434 -45497.9194020894 0.000151764723187564
2450870 0.00138638238498533 2450870 0.00126659620650782 -45336.0605578408 0.000151224820198248
2450880 0.00210935278902039 2450880 0.00198941154735631 -44483.4889425449 0.00014838094740377
2450890 0.00279422035227107 2450890 0.00267412404801121 -43022.3039172754 0.000143506958795059
2450900 0.00342148322600984 2450900 0.00330123186004738 -40995.1627132372 0.00013674514357942
2450910 0.00397241425264483 2450910 0.0038520078261633 -38441.2630874547 0.00012822625140041
2450920 0.00443154227526996 2450920 0.00431098078969279 -35495.2283809527 0.000118399337387443
2450930 0.00478671804149174 2450930 0.00466600149843072 -32213.2404350523 0.000107451803991188
2450940 0.00502776757641598 2450940 0.00490689597764067 -28692.3059492334 0.0000957072307310458
2450950 0.00514911863295815 2450950 0.00502809198032449 -25071.1099208896 0.0000836282209637496
2450960 0.00514820516620465 2450960 0.00502702346160839 -21403.1668135879 0.0000713932797254957
2450970 0.00502516150299019 2450970 0.00490382474832497 -17818.0656992246 0.0000594346696314307
2450980 0.00478475018563765 2450980 0.00466325838272328 -14421.6356094185 0.0000481053983333313
2450990 0.00443381158261566 2450990 0.0043121647331659 -11260.0555598744 0.0000375595024471043
2451000 0.00398220935133029 2451000 0.00386040745690594 -8462.11867151631 0.0000282265895812372
2451010 0.00344337976000243 2451010 0.00332142282195596 -6092.01000410857 0.0000203207580495857
2451020 0.00283176780081555 2451020 0.00270965582027548 -4180.90113667216 0.0000139459850476698
2451030 0.0021646787944074 2451030 0.0020424117722339 -2834.19891002075 0.0000094538699503266
2451040 0.0014611873176826 2451040 0.0013387652544401 -2050.31006127461 0.00000683909820464734
2451050 0.000740390530341729 2451050 0.000617813426298558 -1863.71385631679 0.00000621668026190569
2451060 0.0000233770085846064 2451060 -0.0000993551363179011 -2317.03098906023 0.00000772878345411954
2451070 -0.000669213256643562 2451070 -0.000792100442784092 -3356.34519599425 0.0000111955624847448
2451080 -0.00131763821942561 2451080 -0.00144068044748895 -4997.71423476247 0.0000166705802677747
2451090 -0.00190185173664582 2451090 -0.00202504900762759 -7205.24720946849 0.0000240341176610537
2451100 -0.00240451723115538 2451100 -0.00252786954632 -9882.76458364622 0.0000329653542640029
2451110 -0.00281011225151071 2451110 -0.00293361961236327 -13009.8576417397 0.0000433962139292365
2451120 -0.00310504097978445 2451120 -0.00322870338804085 -16472.6298266481 0.0000549467786365998
2451130 -0.00328019106194154 2451130 -0.00340400851945898 -20152.5558730722 0.0000672216906573153
2451140 -0.00332902292974375 2451140 -0.00345299543848081 -23983.8723099978 0.0000800015866643244
2451150 -0.0032489320603263 2451150 -0.00337305962228195 -27802.196928945 0.0000927381466312438
2451160 -0.00304238539382052 2451160 -0.00316666801095549 -31499.1837885283 0.000105069967399007
2451170 -0.00271460116970767 2451170 -0.00283903884390177 -34978.3216646772 0.00011667512217628
2451180 -0.00226397360367555 2451180 -0.0023885663368335 -38077.4965776981 0.000127012856933506
2451190 -0.00172758031528934 2451190 -0.00185232810874095 -40735.5339148289 0.000135879115127135
2451200 -0.00110978342370724 2451200 -0.00123468627871468 -42860.3393280117 0.00014296670307834
2451210 -0.000430374208614159 2451210 -0.000555432126132745 -44350.3218170117 0.000147936749686384
2451220 0.000289470707556319 2451220 0.000164257726899624 -45212.9515880296 0.00015081417287699
2451230 0.00102802235974452 2451230 0.000902654315659665 -45394.2400666308 0.000151418886150334
2451240 0.00176191356197466 2451240 0.0016363904545339 -44887.8242791858 0.000149729664911002
2451250 0.0024693484277775 2451250 0.00234367025739105 -43760.8287718547 0.00014597041254405
2451260 0.00312944960588676 2451260 0.00300361637328854 -42010.1575640496 0.00014013080196984
2451270 0.00372225483469784 2451270 0.00359626654093129 -39720.7341577558 0.000132494107499381
2451280 0.00423148494765026 2451280 0.00410534159401123 -36986.7647391044 0.000123374567145063
2451290 0.00464268576139624 2451290 0.00451638734940468 -33849.3253660737 0.000112909195888022
2451300 0.00494435882506711 2451300 0.00481790535642128 -30450.2866429887 0.000101571223125929
2451310 0.00512935838668336 2451310 0.00500274986319231 -26876.9113103545 0.0000896517260295937
2451320 0.00519264143368366 2451320 0.00506587785723461 -23201.5086930519 0.0000773919025442993
2451330 0.00513326831677072 2451330 0.00500634968926549 -19577.6932568465 0.0000653041553728695
2451340 0.00495403755267438 2451340 0.00482696387597139 -16066.1322967355 0.0000535908488289438
2451350 0.00465977591879182 2451350 0.00453254719467464 -12758.8372751716 0.0000425589001147308
2451360 0.00425959649566465 2451360 0.00413221272577556 -9780.87024375709 0.0000326254713310936
2451370 0.00376497461560829 2451370 0.00363743580141165 -7162.25605333213 0.0000238907146000722
2451380 0.00318921981574444 2451380 0.00306152595849821 -5001.89647606101 0.0000166845307231211
2451390 0.00254915910344675 2451390 0.00242131020414802 -3366.90784043747 0.0000112307956741109
2451400 0.00186233438948935 2451400 0.00173433044886319 -2262.55045726474 0.00000754705596117677
2451410 0.00114778200735566 2451410 0.00101962302583201 -1771.36247075333 0.00000590862919824797
2451420 0.000426397039998657 2451420 0.000298083017683452 -1892.23112068336 0.00000631180361676531
2451430 -0.00028183683375197 2451430 -0.00041030589706264 -2606.98452062416 0.00000869596432817588
2451440 -0.000956158898203309 2451440 -0.00108478300303525 -3954.09758842309 0.0000131894498440754
2451450 -0.00157628558402638 2451450 -0.00170506473121991 -5861.89334013473 0.0000195531714815012
2451460 -0.0021242939467016 2451460 -0.00225322813737493 -8291.54921685519 0.0000276576311231125
2451470 -0.00258275454830932 2451470 -0.00271184378385089 -11211.3826390629 0.0000373971470591927
2451480 -0.00293724675456164 2451480 -0.00306649103658351 -14492.0805691428 0.0000483403774258484
2451490 -0.00317677148137771 2451490 -0.00330617081166248 -18074.9523334497 0.0000602915512085689
2451500 -0.0032924337004667 2451500 -0.00342198808093488 -21854.2341652069 0.0000728978784556578
2451510 -0.00328027398723373 2451510 -0.00340998341986721 -25674.0105130096 0.0000856392808687989
2451520 -0.00314003300422839 2451520 -0.00326989749101311 -29464.2900426478 0.0000982822924873172
2451530 -0.00287481045642403 2451530 -0.00300482999929785 -33074.5490737659 0.000110324820358776
2451540 -0.00249307626807417 2451540 -0.00262325086884363 -36370.7086823904 0.000121319625333571
2451550 -0.00200612077113097 2451550 -0.00213645043142754 -39291.6644396584 0.000131062884976441
2451560 -0.00142873014628761 2451560 -0.00155921486751351 -41695.8518532276 0.000139082390969381
2451570 -0.000779592903049692 2451570 -0.000910232686317364 -43520.2367237459 0.000145167883855657
2451580 -0.0000783046394149786 2451580 -0.000209099485533036 -44734.2701819383 0.000149217463575879
2451590 0.000653186935494144 2451590 0.000522237026057393 -45255.723354528 0.00015095684413291
2451600 0.0013918779806855 2451600 0.00126077300781842 -45115.173730834 0.000150488021052331
2451610 0.00211599600422713 2451610 0.00198473596815569 -44319.982764265 0.000147835549499598
2451620 0.00280325176727293 2451620 0.00267183666856869 -42869.9295860245 0.000142998692735707
2451630 0.00343332172684926 2451630 0.00330175156639889 -40871.0082341502 0.000136331008814605
2451640 0.00398852841278687 2451640 0.00385680319175113 -38359.0021672163 0.000127951858506115
2451650 0.00445243055416211 2451650 0.00432055027395671 -35408.1080684706 0.000118108735305378
2451660 0.00481265853761693 2451660 0.00468062319984934 -32154.2915940547 0.000107255171823084
2451670 0.00505979803948931 2451670 0.00492760764591301 -28647.0158584135 0.0000955561592493881
2451680 0.00518693000518437 2451680 0.00505458455766009 -25010.0058522555 0.000083424399730081
2451690 0.00519193057254724 2451690 0.00505943007296866 -21363.3061874657 0.0000712603189886307
2451700 0.00507511476540081 2451700 0.0049424592156567 -17760.6953741536 0.0000592433028256956
2451710 0.00484000407256338 2451710 0.00470719347448794 -14344.3835607542 0.0000478477132361821
2451720 0.00449435077535037 2451720 0.00436138513065758 -11190.4521189341 0.0000373273303591048
2451730 0.00404751494602992 2451730 0.00391439425628864 -8353.66105403618 0.0000278648139108162
2451740 0.00351222745843481 2451740 0.0033789517250165 -5962.37807339008 0.0000198883524727966
2451750 0.00290395560266429 2451750 0.00277052482670058 -4039.99501058276 0.0000134759728031009
2451760 0.00223896070016806 2451760 0.00210537488253845 -2640.03867325436 0.00000880622111332219
2451770 0.00153637463593941 2451770 0.00140263377722676 -1842.95952058758 0.00000614745124971616
2451780 0.000816039399766333 2451780 0.000682143500245854 -1625.23795807806 0.00000542121028968001
2451790 0.0000978300100652554 2451790 -0.0000362209302960165 -2028.62047251716 0.00000676674952415635
2451800 -0.000596832172365483 2451800 -0.000731038153932653 -3060.62700223428 0.0000102091527673931
2451810 -0.00124801195636376 2451810 -0.00138237297981103 -4657.74634485999 0.0000155365694518572
2451820 -0.0018365785220505 2451820 -0.00197109458834871 -6832.07850533256 0.00002278936084954
2451830 -0.00234396433212969 2451830 -0.00247863544253755 -9507.6720788763 0.0000317141803443111
2451840 -0.00275506611408481 2451840 -0.00288989227009522 -12591.4404751096 0.0000420005244932131
2451850 -0.00305653780505526 2451850 -0.00319151900836807 -16047.257092121 0.0000535278879234546
2451860 -0.00323800389619373 2451860 -0.00337314014866965 -19729.6088659579 0.0000658108912998667
2451870 -0.00329378783434004 2451870 -0.00342907913792778 -23534.340631759 0.0000785021103891781
2451880 -0.00322076490389713 2451880 -0.00335621126059388 -27374.5458437408 0.0000913116561582772
2451890 -0.00302054005417627 2451890 -0.00315614146595432 -31077.0126269322 0.000103661755983642
2451900 -0.00269930918977651 2451900 -0.00283506565851208 -34556.4857102982 0.000115268028891835
2451910 -0.00226594372440492 2451910 -0.00240185525183668 -37699.8034771513 0.000125753008360041
2451920 -0.00173421868125185 2451920 -0.00187028526890488 -40365.2069799899 0.000134643837437665
2451930 -0.00112079324795139 2451930 -0.00125701489709248 -42517.6381893176 0.000141823575125821
2451940 -0.000444179115075759 2451940 -0.000580555826684652 -44059.3585430141 0.000146966200674115
2451950 0.000273830154143199 2451950 0.000137298379424658 -44930.5620015704 0.000149872222607983
2451960 0.00101131314995805 2451960 0.000874626311827921 -45158.1105177304 0.000150631242757049
2451970 0.00174591841518539 2451970 0.00160907651368828 -44693.5551667443 0.000149081652903837
2451980 0.00245468746686938 2451980 0.0023176905024059 -43575.9137041016 0.000145353602271414
2451990 0.00311715563606328 2451990 0.00298000360935133 -41876.2911296808 0.000139684271609264
2452000 0.00371376067559561 2452000 0.00357645358765641 -39605.638407625 0.000132110189401846
2452010 0.00422695351133299 2452010 0.00408949136345986 -36881.1829690175 0.000123022384268978
2452020 0.00464314387388745 2452020 0.00450552666758443 -33784.9331088048 0.000112694406437686
2452030 0.00495047003134224 2452030 0.0048126977682973 -30377.9316867243 0.000101329872970735
2452040 0.00514088546603754 2452040 0.0050029581480634 -26813.0854495601 0.0000894388258745327
2452050 0.00521033486922029 2452050 0.00507225249819254 -23156.9970356205 0.0000772434276369305
2452060 0.00515686019625469 2452060 0.00501862277407931 -19504.4914300535 0.0000650599803616592
2452070 0.00498304876921568 2452070 0.0048446562977585 -15998.7197348128 0.0000533659847267165
2452080 0.00469446518483451 2452080 0.00455591766587511 -12682.4339016752 0.0000423040458932267
2452090 0.00429889092512474 2452090 0.00416018836032202 -9666.50672298617 0.0000322439956877973
2452100 0.00380832355472918 2452100 0.00366946594555604 -7048.69877906479 0.0000235119283056306
2452110 0.00323626950568833 2452110 0.00309725685340823 -4853.81677250974 0.0000161905899997983
2452120 0.00259837494691052 2452120 0.00245920725254433 -3181.59397915272 0.0000106126551694397
2452130 0.00191320971495322 2452130 0.00177388697923388 -2070.38835244045 0.00000690607217490591
2452140 0.00119936400190793 2452140 0.00105988622528014 -1525.6765605406 0.00000508910921481753
2452150 0.000477127440819157 2452150 0.000337494623413012 -1621.45030532156 0.00000540857604003353
2452160 -0.000232372025233947 2452160 -0.000372159883615936 -2319.73845204377 0.00000773781457852341
2452170 -0.00090932127286996 2452170 -0.00104926417273249 -3611.54618977024 0.0000120468213705704
2452180 -0.00153324217924518 2452180 -0.00167334012141046 -5509.36203089221 0.0000183772536095361
2452190 -0.00208535349200752 2452190 -0.00222560647758898 -7914.02061997774 0.0000263983312748239
2452200 -0.00254931866169146 2452200 -0.00268972669205582 -10793.7681236366 0.0000360041349793949
2452210 -0.00290978161952384 2452210 -0.00305034469627592 -14080.856750928 0.0000469686824173809
2452220 -0.00315545014245367 2452220 -0.00329616826737339 -17636.6466191463 0.0000588295207184508
2452230 -0.00327822720585848 2452230 -0.00341910038085129 -21404.1537381498 0.0000713965717514808
2452240 -0.00327280359738643 2452240 -0.0034138318244401 -25244.7368496862 0.0000842073780578101
2452250 -0.00313927728333225 2452250 -0.00328046056443305 -29016.3591059915 0.000096788155711347
2452260 -0.00288092444655836 2452260 -0.00302226278364174 -32647.5793820404 0.000108900602769801
2452270 -0.00250493219824734 2452270 -0.00264642559313732 -35972.7507283366 0.000119992180484862
2452280 -0.00202347190062209 2452280 -0.00216512035495398 -38892.4309481381 0.000129731185392723
2452290 -0.00145081465914988 2452290 -0.00159261817433771 -41343.7497856984 0.000137907904893653
2452300 -0.000804890824135613 2452300 -0.000946849401315392 -43195.5602142683 0.000144084879594497
2452310 -0.000106388305029159 2452310 -0.00024850194501613 -44427.8245036013 0.000148195270821661
2452320 0.000623757777866238 2452320 0.000481489074581436 -45007.2490125318 0.000150128022942231
2452330 0.00136251138698707 2452330 0.00122008762027097 -44883.4080897482 0.000149714934088663
2452340 0.00208720578685508 2452340 0.00194462695692568 -44120.7005008375 0.000147170815420705
2452350 0.00277669915178766 2452350 0.00263396525919076 -42721.0300495841 0.000142502017344226
2452360 0.0034098597549813 2452360 0.00326697080059035 -40724.6151694244 0.00013584269411282
2452370 0.00396866453956958 2452370 0.00382562052453748 -38249.836042931 0.000127587719511379
2452380 0.00443755221415728 2452380 0.0042943531398782 -35326.3508370807 0.000117836022536233
2452390 0.00480285627687642 2452390 0.00465950214495646 -32064.0400285045 0.000106954125005054
2452400 0.00505549833513213 2452400 0.00491198914731813 -28588.4622388798 0.0000953608453981847
2452410 0.00518885778696313 2452410 0.00504519354510461 -24948.2081476511 0.0000832182647758639
2452420 0.0051994888381816 2452420 0.00505566954418146 -21288.3666464238 0.0000710103475866086
2452430 0.00508857461527214 2452430 0.00494460027101498 -17703.2144589002 0.0000590515671308189
2452440 0.00485922906122047 2452440 0.00471509966854259 -14255.2273400873 0.0000475503200954019
2452450 0.00451833212204122 2452450 0.00437404768267224 -11088.7078702619 0.0000369879480766055
2452460 0.00407628375382882 2452460 0.00393184426933711 -8249.51904726652 0.0000275174335682138
2452470 0.00354481454332153 2452470 0.00340022001509358 -5808.9949726198 0.0000193767215205254
2452480 0.00293927514991101 2452480 0.0027945255790953 -3876.66446595787 0.0000129311607497407
2452490 0.00227672616122884 2452490 0.00213182154870931 -2452.33468181873 0.00000818010799263913
2452500 0.00157503541418717 2452500 0.00142997576057072 -1604.30713839643 0.00000535139259039141
2452510 0.000854706780924068 2452510 0.000709492086499688 -1378.82428956464 0.00000459926276585865
2452520 0.000135872881954752 2452520 -0.00000949685330073834 -1739.93415491128 0.00000580379562087341
2452530 -0.000561124376690938 2452530 -0.000706649153116119 -2733.38693835269 0.00000911759740918061
2452540 -0.00121516445242091 2452540 -0.00136084427068184 -4323.7569709552 0.0000144225008187338
2452550 -0.00180748708201392 2452550 -0.00195332194306754 -6448.52514535974 0.0000215099645547445
2452560 -0.00232000460708689 2452560 -0.00246599451217061 -9107.60739845205 0.0000303797082128465
2452570 -0.0027363252376992 2452570 -0.00288247018830455 -12185.3586264859 0.0000406459812490878
2452580 -0.00304395127656613 2452580 -0.00319025127437845 -15600.4044303295 0.0000520373478852809
2452590 -0.0032321735172757 2452590 -0.00337862856414637 -19292.1956616543 0.0000643518379026542
2452600 -0.00329436022073759 2452600 -0.00344097031862081 -23092.8126671575 0.0000770293316290083
2452610 -0.00322838636064774 2452610 -0.00337515151153067 -26916.8881086599 0.0000897850742751505
2452620 -0.00303480892276075 2452620 -0.00318172912862191 -30652.1679630574 0.00010224462672459
2452630 -0.00271952016786899 2452630 -0.00286659543059553 -34131.3362074738 0.000113849882799499
2452640 -0.00229216230303969 2452640 -0.00243939262436928 -37290.8227988413 0.000124388795660901
2452650 -0.00176514112577529 2452650 -0.00191252650725322 -40002.6447188167 0.000133434459911652
2452660 -0.00115557343411134 2452660 -0.00130311387701751 -42159.5820890764 0.00014062922853475
2452670 -0.000482221863462583 2452670 -0.000629917368785972 -43744.4730350215 0.000145915855678469
2452680 0.000234294456550674 2452680 0.0000864438881407862 -44660.3997831273 0.000148971058448466
2452690 0.000970991252673837 2452690 0.000822985620864548 -44897.153438988 0.000149760783638486
2452700 0.00170589543803263 2452700 0.00155773474285173 -44487.6836816872 0.000148394939547436
2452710 0.00241661277955886 2452710 0.00226829702138138 -43398.2647000177 0.000144761028978313
2452720 0.00308140019054902 2452720 0.00293292937008711 -41712.1508263619 0.000139136758491643
2452730 0.00368158399654344 2452730 0.00353295811479879 -39491.1939590596 0.000131728443812484
2452740 0.00419939009303574 2452740 0.00405060915128563 -36770.6468130227 0.000122653675340367
2452750 0.00462021267337561 2452750 0.00447127667312379 -33690.8983805621 0.000112380740347251
2452760 0.00493326480828064 2452760 0.00478417375119812 -30314.4223541304 0.000101118028640101
2452770 0.00512957034139257 2452770 0.00498032422928951 -26731.0865617045 0.0000891653070261844
2452780 0.00520469984581212 2452780 0.00505529868056739 -23091.2204716512 0.0000770240206364736
2452790 0.00515754474638745 2452790 0.0050079885298971 -19442.1358294187 0.0000648519844665962
2452800 0.00498936451350869 2452800 0.00483965324764924 -15904.99655557 0.0000530533578518844
2452810 0.00470611141094773 2452810 0.0045562450975034 -12599.3912395205 0.0000420270453885818
2452820 0.00431585216201529 2452820 0.00416583080264523 -9558.23705154835 0.0000318828469378918
2452830 0.00382930327457209 2452830 0.0036791268707693 -6907.85536246538 0.0000230421252374047
2452840 0.00326094036027983 2452840 0.00311060891331285 -4737.60616855104 0.0000158029531501791
2452850 0.00262600404085089 2452850 0.00247551755175195 -2992.26495299833 0.00000998112151640029
2452860 0.00194228026315518 2452860 0.00179163873268074 -1856.01725040908 0.00000619100714804866
2452870 0.00122951503510983 2452870 0.00107871846371018 -1296.84786993606 0.00000432581886344874
2452880 0.000507034890409198 2452880 0.000356083278234976 -1334.55258830375 0.00000445158826611891
2452890 -0.000204023278753122 2452890 -0.000355129931879019 -2019.31200905372 0.00000673569983222766
2452900 -0.000882941074447635 2452900 -0.00103420276902355 -3283.78912231579 0.000010953541474068
2452910 -0.00151041370565075 2452910 -0.00166183044247435 -5131.24727663836 0.0000171159985506986
2452920 -0.00206684073401004 2452920 -0.0022184125141829 -7534.42558895009 0.0000251321385441594
2452930 -0.00253553978729995 2452930 -0.00268726661218231 -10380.3857285516 0.0000346252397335212
2452940 -0.00290209788392382 2452940 -0.0030539797550994 -13641.4020752775 0.0000455028194047413
2452950 -0.00315387435351865 2452950 -0.00330591127276715 -17206.6954967377 0.0000573953581471942
2452960 -0.00328307563323408 2452960 -0.00343526760245606 -20944.6178715954 0.0000698637250960976
2452970 -0.00328473295453013 2452970 -0.00343707997570319 -24792.4625352023 0.0000826987533328882
2452980 -0.00315754846712685 2452980 -0.00331005054224871 -28582.0554676296 0.0000953394747096326
2452990 -0.00290562272052281 2452990 -0.00305827985152759 -32199.4020838419 0.000107405644220182
2453000 -0.00253572863434709 2453000 -0.00268854082306392 -35562.8632757199 0.000118624943112211
2453010 -0.00205909968231376 2453010 -0.00221206693039759 -38503.8790118895 0.0001284351156422
2453020 -0.0014910608052851 2453020 -0.00164418311415326 -40964.2036508806 0.000136641875263188
2453030 -0.000848515589262086 2453030 -0.00100179296006981 -42872.1997049229 0.000143006265037271
2453040 -0.000152009189421039 2453040 -0.000305441623005005 -44121.9343049017 0.000147174930948069
2453050 0.000576616187912669 2453050 0.000423028691054451 -44732.0126499173 0.00014920993325962
2453060 0.00131558348249874 2453060 0.00116184092220592 -44663.4415658196 0.000148981204743381
2453070 0.00204153738700984 2453070 0.00188763976348419 -43908.6627138015 0.0001464635334949
2453080 0.00273292593303154 2453080 0.002578873246809 -42552.0279852908 0.0001419382871376
2453090 0.00336964856195127 2453090 0.00321544081387945 -40593.0456815737 0.000135403825541114
2453100 0.00393243026446436 2453100 0.00377806745568973 -38116.5181995495 0.000127143019053366
2453110 0.0044059781588252 2453110 0.00425146029073133 -35235.4212542452 0.00011753271409598
2453120 0.00477705938804406 2453120 0.00462238646221973 -31983.0564469104 0.000106683992853851
2453130 0.00503523202756852 2453130 0.0048804040457644 -28501.1566340274 0.0000950696252473016
2453140 0.00517473050355734 2453140 0.0050197474676135 -24890.3280612963 0.0000830251975895147
2453150 0.00519178340086586 2453150 0.00503664531268085 -21211.9575493379 0.0000707554742732652
2453160 0.00508657182099192 2453160 0.00493127868246146 -17621.3884887539 0.0000587786250738631
2453170 0.00486330441111571 2453170 0.00470785622407028 -14181.0417357681 0.0000473028635555872
2453180 0.00452787281246412 2453180 0.00437226957864285 -10974.3672783971 0.0000366065489159073
2453190 0.00409038196797405 2453190 0.00393462368895939 -8132.1452243106 0.0000271259166376714
2453200 0.00356344732268659 2453200 0.00340753399986539 -5673.9418619366 0.000018926232833838
2453210 0.00296109534799251 2453210 0.00280502698253412 -3692.55171860243 0.00001231702672988
2453220 0.00230089580438017 2453220 0.00214467239718153 -2264.74085806291 0.00000755436235178042
2453230 0.00160103575380331 2453230 0.00144465730547937 -1376.62230881918 0.0000045919177487086
2453240 0.000880815283407772 2453240 0.000724281794274218 -1108.05938907914 0.00000369608827543999
2453250 0.000161487709650996 2453250 0.00000479917969398657 -1461.8372765505 0.00000487616428479498
2453260 -0.000536964969209783 2453260 -0.000693808540313917 -2402.32707117419 0.00000801330055866245
2453270 -0.00119406687461513 2453270 -0.00135106548750754 -3967.85556767599 0.0000132353415230879
2453280 -0.00178974238321043 2453280 -0.00194689603884355 -6080.69694022555 0.0000202830217304051
2453290 -0.00230678623339095 2453290 -0.00246409493298397 -8689.1003913985 0.0000289837191014275
2453300 -0.00272863173012983 2453300 -0.00288609547515882 -11766.0245883884 0.0000392472334590499
2453310 -0.00304174866154613 2453310 -0.00319936745369695 -15167.417471186 0.0000505930588526882
2453320 -0.00323648713570925 2453320 -0.00339426097681739 -18827.7465495128 0.0000628026024240835
2453330 -0.00330525035397863 2453330 -0.00346317924599735 -22650.1032081729 0.0000755526118277894
2453340 -0.00324551961059547 2453340 -0.00340360355551711 -26463.6821414734 0.0000882733418913206
2453350 -0.00305869222184112 2453350 -0.00321693122163632 -30199.2138616632 0.000100733734474612
2453360 -0.00274923952585082 2453360 -0.00290763358242092 -33715.1560355885 0.000112461655174756
2453370 -0.00232717133819298 2453370 -0.0024857204532841 -36871.4713640462 0.000122989989841726
2453380 -0.00180520147591044 2453380 -0.00196390565107158 -39616.9366828838 0.000132147876391486
2453390 -0.00119909127149157 2453390 -0.00135795050802734 -41814.164404058 0.000139477039159064
2453400 -0.000528588792677379 2453400 -0.000687603091586196 -43405.3527148038 0.000144784672050702
2453410 0.000186041649709663 2453410 0.000026872287743588 -44377.2288999871 0.000148026502054255
2453420 0.000922600224890286 2453420 0.000763275799526952 -44645.3289978076 0.000148920787719775
2453430 0.00165786568914487 2453430 0.00149838620040433 -44251.5278991473 0.000147607208648148
2453440 0.00237035551613712 2453440 0.00221072096437251 -43221.0905728581 0.000144170039704128
2453450 0.00303825930895453 2453450 0.00287846969485717 -41548.0870183208 0.000138589500534803
2453460 0.0036418455722847 2453460 0.00348190089685184 -39350.0797658637 0.000131257737530754
2453470 0.00416448838414141 2453470 0.0040043886486281 -36672.6736078673 0.000122326871905054
2453480 0.00459071011614871 2453480 0.00443045532204998 -33585.4434709701 0.000112028980632228
2453490 0.00490924697002965 2453490 0.00474883711901517 -30234.7159382389 0.000100852156655118
2453500 0.00511207508348373 2453500 0.00495151017734758 -26666.8963044654 0.0000889511913754193
2453510 0.00519341695692616 2453510 0.00503269699755202 -23004.2476458074 0.0000767339105168796
2453520 0.00515244098652604 2453520 0.00499156597581047 -19376.4934973405 0.0000646330252155325
2453530 0.00499078226792991 2453530 0.00482975220774412 -15824.4278043685 0.0000527846094259266
2453540 0.00471303784218625 2453540 0.00455185273433017 -12490.6705733081 0.000041664392282037
2453550 0.00432818624170856 2453550 0.00416684608784291 -9458.22077946119 0.0000315492285648533
2453560 0.00384657335477576 2453560 0.00368507815640084 -6767.37959422315 0.0000225735485120948
2453570 0.00328176887616763 2453570 0.00312011863457334 -4552.0944056186 0.0000151841525166674
2453580 0.00265019301771718 2453580 0.00248838773393883 -2818.37257598469 0.00000940107898239617
2453590 0.00196863076260583 2453590 0.00180667043741846 -1627.00689491932 0.00000542711082784919
2453600 0.00125668358854633 2453600 0.00109456822242107 -1053.7750157335 0.00000351501509665564
2453610 0.00053465885114073 2453610 0.000372388444233837 -1063.44492121866 0.00000354727042939373
2453620 -0.000177579025650956 2453620 -0.000340004473491232 -1693.79723124003 0.00000564989940887717
2453630 -0.000858628628872013 2453630 -0.00102120911812925 -2953.92133981175 0.00000985322099000818
2453640 -0.00148877374848614 2453640 -0.00165150927994962 -4761.41457666034 0.00001588236945127
2453650 -0.00204949013055332 2453650 -0.00221238070529956 -7127.4923119684 0.0000237747552407352
2453660 -0.00252280748224443 2453660 -0.00268585310162857 -9976.0915810587 0.0000332766596184975
2453670 -0.00289459681387917 2453670 -0.0030577974794754 -13196.9017473908 0.0000440201259078732
2453680 -0.00315269267602834 2453680 -0.00331604838959952 -16754.9406049155 0.0000558884660297743
2453690 -0.00328786276878522 2453690 -0.00345137353223734 -20500.1445579829 0.000068381121709149
2453700 -0.00329597152202941 2453700 -0.00345963733733257 -24320.8860655704 0.0000811257435487933
2453710 -0.00317540262078778 2453710 -0.00333922348993716 -28135.969462939 0.0000938514919642808
2453720 -0.00292919297783347 2453720 -0.00309316890277715 -31763.8062590331 0.000105952652948438
2453730 -0.00256516596553692 2453730 -0.00272929694810168 -35123.6058224644 0.000117159737962669
2453740 -0.00208196374972071 2453740 -0.00224624979175439 -38113.9932768111 0.00012713459681768
2453750 -0.00151776382177277 2453750 -0.00168220492453125 -40586.153521624 0.000135380835770138
2453760 -0.000878778849544478 2453760 -0.00104337501418732 -42517.150444635 0.000141821948184684
2453770 -0.000184196678414568 2453770 -0.000348947905803817 -43823.0010608625 0.000146177796977343
2453780 0.000543566554601279 2453780 0.000378660263951146 -44443.2217592802 0.000148246630538251
2453790 0.00128233246052158 2453790 0.00111727110643996 -44418.4275169814 0.000148163925848266
2453800 0.00200994963876262 2453800 0.00184473322142239 -43708.0082551608 0.000145794222265461
2453810 0.00270364530679003 2453810 0.00253827382671714 -42357.355222268 0.000141288928697025
2453820 0.00334356184255382 2453820 0.00317803530058212 -40449.4741907583 0.000134924922596813
2453830 0.00391102933121006 2453830 0.00374534772846289 -37992.7348046242 0.000126730122092078
2453840 0.00438934413469487 2453840 0.00422350747255457 -35113.9834491586 0.000117127641180215
2453850 0.00476609867893137 2453850 0.00460010695897264 -31903.6915867926 0.000106419260176294
2453860 0.00503063133443256 2453860 0.00486448455839542 -28413.5323228926 0.0000947773420066911
2453870 0.00517608463987995 2453870 0.00500978280961076 -24804.5682892252 0.0000827391337817618
2453880 0.00519979729380137 2453880 0.00503334041118774 -21146.0006982267 0.0000705354658996349
2453890 0.00510098489095504 2453890 0.00493437295789674 -17524.4881235096 0.0000584554002472926
2453900 0.00488345568046786 2453900 0.00471668869880563 -14087.8428448239 0.0000469919855182743
2453910 0.00455405287592039 2453910 0.00438713084738883 -10872.6733557338 0.0000362673345029041
2453920 0.00412151309055162 2453920 0.00395443601674991 -7987.67532133918 0.0000266440169129911
2453930 0.00359885678062481 2453930 0.00343162466295021 -5532.86354828131 0.0000184556462333729
2453940 0.00300049796864476 2453940 0.00283311080827107 -3516.66652757497 0.0000117303368838417
2453950 0.00234271435744089 2453950 0.00217517215528949 -2046.8884625885 0.00000682768497994868
2453960 0.00164473714432873 2453960 0.00147703990102284 -1156.12569209005 0.00000385642020417354
2453970 0.000925512881230007 2453970 0.000757660597099053 -835.352196229961 0.00000278643499507236
2453980 0.000205528759421098 2453980 0.0000375214344768671 -1159.31245932236 0.00000386705011545807
2453990 -0.000493935463593505 2453990 -0.000662097829669176 -2086.63357201571 0.00000696026039459507
2454000 -0.00115336241152166 2454000 -0.00132167981934955 -3596.48099067833 0.0000119965692755297
2454010 -0.00175263603533844 2454010 -0.00192110848585126 -5698.94912544663 0.0000190096480860991
2454020 -0.00227346787944723 2454020 -0.00244209537386121 -8285.13128117078 0.0000276362231940164
2454030 -0.00270046994702034 2454030 -0.00286925248679034 -11319.4902899579 0.0000377577553667408
2454040 -0.00301924777151183 2454040 -0.00318818535831589 -14731.348603615 0.0000491384896801339
2454050 -0.00321966774282858 2454050 -0.00338876037850187 -18368.0363452022 0.0000612691742405413
2454060 -0.0032950711706463 2454060 -0.00346431885712721 -22175.9140945158 0.0000739708872012912
2454070 -0.00324152934096732 2454070 -0.00341093208025518 -26016.004061264 0.0000867800485536696
2454080 -0.00306071700340347 2454080 -0.00323027479747164 -29736.109630342 0.0000991889850355809
2454090 -0.00275745508280712 2454090 -0.00292716793355419 -33272.7636722239 0.000110985993090673
2454100 -0.00234030123284659 2454100 -0.00251016914203849 -36462.3389256438 0.000121625270925407
2454110 -0.00182288894855805 2454110 -0.00199291191774929 -39206.9378602822 0.000130780267528552
2454120 -0.00122062244265398 2454120 -0.00139080047316026 -41454.5175004323 0.000138277386219077
2454130 -0.000552299872350875 2454130 -0.000722632965196402 -43074.9721602769 0.000143682641143283
2454140 0.000160604483843217 2454140 -0.00000988367203280573 -44061.2284600498 0.000146972438045956
2454150 0.000896829653094088 2454150 0.000726186433825977 -44392.0669777159 0.000148075996553976
2454160 0.00163324394409777 2454160 0.00146244566143464 -44015.0210366508 0.000146818306672181
2454170 0.00234731799576772 2454170 0.00217636465005595 -43010.6485950008 0.000143468080824771
2454180 0.0030184454175641 2454180 0.0028473370094696 -41391.1768698408 0.000138066104617751
2454190 0.00362610051141755 2454190 0.00345483704192447 -39194.0851978783 0.000130737395661495
2454200 0.00415316049527956 2454200 0.00398174196563753 -36548.642936399 0.000121913150118003
2454210 0.00458519409110419 2454210 0.00441362050278663 -33489.078276879 0.000111707540944472
2454220 0.00490956836505634 2454220 0.00473783971973252 -30125.997564937 0.0001004895111969
2454230 0.00511849203277136 2454230 0.00494660833223137 -26588.4612028777 0.0000886895600384907
2454240 0.00520667625352064 2454240 0.00503463749963656 -22921.3816455728 0.0000764574992929701
2454250 0.00517185015297027 2454250 0.0049996563476494 -19274.8037140648 0.00006429382461004
2454260 0.00501651685730363 2454260 0.00484416800241446 -15742.0795580866 0.0000525099252433048
2454270 0.00474498312718785 2454270 0.0045724792245321 -12375.8449506095 0.0000412813752326269
2454280 0.00436522076869788 2454280 0.00419256181995364 -9325.80175343084 0.000031107526238805
2454290 0.00388873925085611 2454290 0.00371592525752304 -6634.84758142121 0.0000221314693027441
2454300 0.00332810952277849 2454300 0.00315514048616133 -4305.03092355196 0.0000143600374481467
2454310 0.00269950384563705 2454310 0.00252637976678976 -2624.46016773731 0.00000875425681234887
2454320 0.00202070589298801 2454320 0.00184742677268885 -1409.35007017209 0.00000470108580974404
2454330 0.00130996521042614 2454330 0.00113653104917039 -782.60653596029 0.00000261049441063754
2454340 0.000588161519895684 2454340 0.000414572317854865 -787.331590138008 0.00000262625549485307
2454350 -0.000124401900503144 2454350 -0.000298146143472299 -1374.84433493469 0.00000458598706620794
2454360 -0.000807522766628035 2454360 -0.000981422050982038 -2591.80068482797 0.00000864531650368594
2454370 -0.00144029176754193 2454370 -0.00161434609406149 -4397.73283296864 0.0000146692577335239
2454380 -0.00200446502320326 2454380 -0.00217867439295198 -6714.3039863183 0.0000223965073408161
2454390 -0.00248266129827554 2454390 -0.0026570257125865 -9542.67458818428 0.0000318309361477809
2454400 -0.00285933922153263 2454400 -0.0030338586819799 -12762.4331836224 0.0000425708947742187
2454410 -0.00312319994865458 2454410 -0.00329787445698741 -16280.7643081593 0.0000543067841558553
2454420 -0.00326475919363983 2454420 -0.00343958875175453 -20035.943230659 0.0000668327127517632
2454430 -0.00327874282416795 2454430 -0.0034537274340426 -23856.1361333467 0.0000795755046424373
2454440 -0.00316463215445315 2454440 -0.00333977181807389 -27655.5673088388 0.0000922490428656442
2454450 -0.00292445152964364 2454450 -0.00309974624896519 -31321.0781163054 0.00010447587082496
2454460 -0.00256558432971459 2454460 -0.00274103410657722 -34682.7763358386 0.000115689289074239
2454470 -0.00209915750783878 2454470 -0.00227476234391022 -37687.7755648296 0.000125712887563134
2454480 -0.00153878706802739 2454480 -0.00171454696476425 -40211.7711374835 0.000134132030557899
2454490 -0.000902698286189834 2454490 -0.00107861324476616 -42148.1225768718 0.00014059100371655
2454500 -0.000210472048541878 2454500 -0.000386542069828078 -43494.6726341417 0.000145082611231473
2454510 0.000516786020478422 2454510 0.000340560935939171 -44161.8630804934 0.000147308119007095
2454520 0.00125575191431987 2454520 0.00107937176634603 -44145.2468808344 0.000147252693331046
2454530 0.00198453998001759 2454530 0.00180800476876698 -43489.3471944267 0.000145064847476672
2454540 0.00268112263594423 2454540 0.0025044323619162 -42165.5364809189 0.000140649090248024
2454550 0.00332423961867683 2454550 0.00314739428270037 -40267.568948635 0.000134318152021806
2454560 0.00389605681822892 2454560 0.00371905642140955 -37862.8913415054 0.000126297010919152
2454570 0.00437978018936233 2454570 0.00420262473306595 -34985.1669117564 0.000116697955462763
2454580 0.00476187282011497 2454580 0.0045845623059174 -31785.9288675974 0.00010602644602753
2454590 0.00503278329697919 2454590 0.00485531772660433 -28329.4165169137 0.0000944967618795589
2454600 0.00518474644270136 2454600 0.00500712581799351 -24699.2544614657 0.0000823878446650772
2454610 0.00521464162488015 2454610 0.005036865947732 -21052.0705671793 0.000070222148707888
2454620 0.00512265258441929 2454620 0.00494472185672067 -17434.777656997 0.0000581561583413714
2454630 0.00491117899486197 2454630 0.00473309321846552 -13963.8658715972 0.0000465784428492766
2454640 0.00458740696864943 2454640 0.00440916614529636 -10757.7378933658 0.0000358839510677944
2454650 0.00416050522590636 2454650 0.00398210935719571 -7845.68026605597 0.0000261703723916096
2454660 0.00364209268273039 2454660 0.00346354177008106 -5354.32615088564 0.0000178601095791597
2454670 0.00304757176955672 2454670 0.00286886581414879 -3339.69969520806 0.0000111400390706562
2454680 0.00239290687337318 2454680 0.00221404587613918 -1819.63106722269 0.00000606963590532583
2454690 0.00169643779216779 2454690 0.00151742175375591 -899.613969313362 0.0000030007891970163
2454700 0.000978370491064355 2454700 0.000799199411809477 -567.396995247093 0.00000189263265337747
2454710 0.000258219793003026 2454710 0.0000788936729374549 -832.640979882613 0.00000277739135079447
2454720 -0.000442804930760459 2454720 -0.000622286091933275 -1744.51122888741 0.00000581906309626845
2454730 -0.00110411066048695 2454730 -0.00128374686338286 -3228.51967800797 0.0000107691824522416
2454740 -0.00170684130294343 2454740 -0.00188663254847066 -5280.871791995 0.0000176150922115426
2454750 -0.00223193773698404 2454750 -0.00241188402634631 -7868.00348728773 0.0000262448346425304
2454760 -0.00266349619978541 2454760 -0.00284359753443305 -10868.4927982551 0.0000362533896641759
2454770 -0.00298816607257434 2454770 -0.00316842245416468 -14253.9315278529 0.0000475459977310466
2454780 -0.00319446653248539 2454780 -0.00337487796285378 -17906.2547111652 0.0000597288365111748
2454790 -0.00327595394946109 2454790 -0.00345652043054277 -21684.7107768235 0.0000723324092990474
2454800 -0.00322911420528941 2454800 -0.00340983573907413 -25531.2244381261 0.0000851629977900448
2454810 -0.003054162650444 2454810 -0.00323503923891814 -29275.6979328566 0.0000976532169226774
2454820 -0.00275677681199687 2454820 -0.00293780845705882 -32799.4585913545 0.000109407217280144
2454830 -0.00234514648309345 2454830 -0.00252633318651458 -36027.558319978 0.000120174998932021
2454840 -0.00182028186214757 2454840 -0.0020016236256836 -38796.6415157749 0.000129411666239365
2454850 -0.00122191080064001 2454850 -0.00140340762543068 -41053.2562142492 0.000136938922640439
2454860 -0.000556250265778411 2454860 -0.000737902152867043 -42732.1428132999 0.000142539085533966
2454870 0.000155468238155263 2454870 -0.000026338711945477 -43735.3370939241 0.00014588538145921
2454880 0.000890941458672567 2454880 0.000708979445191397 -44094.2775536985 0.000147082677956156
2454890 0.00162832419099766 2454890 0.00144620711410646 -43775.6906216975 0.000146019986339008
2454900 0.00234442557391488 2454900 0.00216215343394361 -42777.3226601538 0.000142689789281336
2454910 0.00301813033095469 2454910 0.00283570312856072 -41196.7140766508 0.00013741744656115
2454920 0.00363003716110835 2454920 0.00344745489724987 -39038.5281002228 0.000130218513036184
2454930 0.00416170730664059 2454930 0.00397896998256169 -36389.7617849133 0.000121383179642609
2454940 0.004598920612976 2454940 0.00441602823014125 -33369.5709716927 0.000111308907483232
2454950 0.00492961210756704 2454950 0.00474656466762808 -30014.3392494199 0.000100117059147031
2454960 0.00514451374134132 2454960 0.00496131124609349 -26468.4556801755 0.0000882892647025013
2454970 0.00523916442051117 2454970 0.005055806871819 -22830.5954263969 0.0000761546690624115
2454980 0.00521107860820898 2454980 0.00502756600797551 -19160.7764736425 0.000063913470677246
2454990 0.00506166152450468 2454990 0.00487799387461118 -15618.876022772 0.0000520989624854806
2455000 0.00479633222313176 2455000 0.00461250952537547 -12262.098788539 0.0000409019588762938
2455010 0.00442210558075726 2455010 0.00423812783682665 -9167.48635314967 0.0000305794429062978
2455020 0.00395015062582484 2455020 0.00376601783723522 -6475.4829044547 0.0000215998859599553
2455030 0.00339400482623361 2455030 0.00320971699429037 -4179.4809061639 0.0000139412476686251
2455040 0.00276846116504175 2455040 0.00258401829082091 -2391.15828059292 0.00000797604548341546
2455050 0.00209181038161198 2455050 0.00190721246590598 -1170.89929802622 0.00000390569964914267
2455060 0.00138274626380485 2455060 0.00119799330711626 -504.019563590561 0.00000168122829691253
2455070 0.000660849532618302 2455070 0.000475941535146085 -464.527198477616 0.00000154949594655118
2455080 -0.0000524306889913893 2455080 -0.000237493727380827 -1047.2612268346 0.00000349328743565192
2455090 -0.00073715506965752 2455090 -0.000922373149406943 -2210.65361628118 0.00000737394673311353
2455100 -0.00137314201462359 2455100 -0.00155851513648868 -3990.41948633841 0.0000133106066542155
2455110 -0.00194077764379226 2455110 -0.00212630580883282 -6299.72184729227 0.0000210136101799208
2455120 -0.00242355727784188 2455120 -0.00260924048737362 -9077.92441032726 0.0000302806964220803
2455130 -0.0028058108244003 2455130 -0.0029916490799819 -12295.6811461211 0.0000410139775635088
2455140 -0.00307511069043678 2455140 -0.0032611039938196 -15803.49054257 0.0000527147702380493
2455150 -0.003223110812634 2455150 -0.00340925916569882 -19529.1951493146 0.0000651423830992925
2455160 -0.00324358790788132 2455160 -0.00342989131260541 -23372.1701932781 0.0000779611680333803
2455170 -0.00313551242838852 2455170 -0.00332197088676511 -27161.2395441852 0.0000906001429301639
2455180 -0.00290185046857791 2455180 -0.00308846398255426 -30829.0400896636 0.000102834608633362
2455190 -0.00254856054467043 2455190 -0.00273532911610138 -34231.8236182323 0.000114185072721984
2455200 -0.00208705623876737 2455200 -0.0022739798693308 -37232.465973575 0.000124194138244715
2455210 -0.00153133549324747 2455210 -0.00171841418440423 -39790.5912531517 0.000132727125687571
2455220 -0.000898242121931353 2455220 -0.00108547587488113 -41772.6557837898 0.000139338581305437
2455230 -0.000208351421508199 2455230 -0.000395740237131635 -43124.6678117006 0.000143848407993308
2455240 0.000517541981997769 2455240 0.00032999810314244 -43846.7147110224 0.000146256897199937
2455250 0.00125695649522204 2455250 0.00106925755292517 -43864.1036976319 0.000146314900615785
2455260 0.00198666773305478 2455260 0.00179881372746682 -43222.8574703769 0.00014417593343985
2455270 0.00268553290043972 2455270 0.00249752383203895 -41956.9887240842 0.000139953449809882
2455280 0.00333229917841313 2455280 0.00314413504800734 -40070.3896844083 0.00013366043279317
2455290 0.00390796852906232 2455290 0.0037196493377539 -37685.8307338222 0.000125706400305181
2455300 0.0043968890168968 2455300 0.0042084147660308 -34851.3949973257 0.000116251740386764
2455310 0.00478469448027407 2455310 0.00459606517141829 -31640.6630627138 0.000105541891459837
2455320 0.00506129543913173 2455320 0.00487251107401043 -28205.0141182436 0.0000940818001440302
2455330 0.00521991469439892 2455330 0.00503097527484142 -24590.7081119409 0.0000820257730164142
2455340 0.00525605436259019 2455340 0.00506695989049557 -20917.6770245549 0.0000697738601034281
2455350 0.00517016654297386 2455350 0.00498091702023418 -17316.9867669207 0.0000577632502246628
2455360 0.00496511282617044 2455360 0.00477570825463338 -13829.6696455272 0.0000461308124219961
2455370 0.00464663743034517 2455370 0.00445707781176937 -10594.1835108764 0.0000353383923716866
2455380 0.00422483538479533 2455380 0.00403512072078288 -7689.09138520161 0.0000256480481080068
2455390 0.00371106103990717 2455390 0.00352119133188412 -5153.68547979676 0.0000171908443400426
2455400 0.00311972331912941 2455400 0.00292969856829839 -3114.40654060896 0.0000103885419979743
2455410 0.00246798737512859 2455410 0.0022778075824261 -1586.6561117489 0.00000529251510306139
2455420 0.00177326124765997 2455420 0.00158292641375257 -608.172854415868 0.00000202864627907307
2455430 0.00105556013036868 2455430 0.000865070255612604 -260.311520204152 0.000000868305767065536
2455440 0.000335422521900652 2455440 0.000144777606333681 -501.05490736725 0.00000167133926820551
2455450 -0.000367218266656853 2455450 -0.000558018223306012 -1357.57579509413 0.00000452838541753486
2455460 -0.00103109638910591 2455460 -0.00122205138743828 -2836.23789224999 0.0000094606712629508
2455470 -0.00163686883831663 2455470 -0.00182797887923315 -4850.95916701908 0.000016181058053899
2455480 -0.0021666119891241 2455480 -0.00235787707380362 -7401.94924794371 0.0000246902450359299
2455490 -0.00260313355630335 2455490 -0.00279455368619129 -10406.6618056984 0.0000347128872925095
2455500 -0.00293328868245958 2455500 -0.00312486385920517 -13752.2625248143 0.0000458726100601714
2455510 -0.00314613199348816 2455510 -0.00333786221891034 -17397.9438069682 0.0000580332938427963
2455520 -0.00323377286342212 2455520 -0.00342565813946219 -21187.8086269336 0.000070674922138747
2455530 -0.00319350346831136 2455530 -0.00338554379695259 -25007.4061748077 0.0000834157281395242
2455540 -0.00302524233085584 2455540 -0.00321743771408275 -28776.7553425143 0.0000959889235856437
2455550 -0.0027335626404806 2455550 -0.00292591308020684 -32315.3885829346 0.000107792533536433
2455560 -0.00232775573901162 2455560 -0.00252026123700675 -35541.6353094724 0.000118554134238669
2455570 -0.00181938567103482 2455570 -0.0020120462288891 -38359.7303843654 0.000127954287577059
2455580 -0.00122465634592392 2455580 -0.00141747196497637 -40629.9151649106 0.000135526808899611
2455590 -0.000562351366919684 2455590 -0.000755322048218073 -42334.0455092616 0.000141211175863742
2455600 0.000147649945112972 2455600 -0.0000454757991709003 -43394.5091726391 0.000144748501887393
2455610 0.000882551743564032 2455610 0.000689270935908591 -43761.7303205287 0.000145973419786727
2455620 0.00161999995107583 2455620 0.00142656408000934 -43486.7902141758 0.000145056318308634
2455630 0.00233799376799378 2455630 0.00214440283381788 -42534.7790117758 0.000141880750755163
2455640 0.00301423489051326 2455640 0.00282048889387533 -40956.6053176756 0.000136616529951783
2455650 0.00362950099679725 2455650 0.00343559993864273 -38846.2985706472 0.000129577304345152
2455660 0.00416597121828545 2455660 0.00397191509983608 -36218.0480849652 0.000120810404393046
2455670 0.0046079913061906 2455670 0.00441378012891085 -33197.2976415695 0.000110734265508339
2455680 0.00494429966455687 2455680 0.00474993343008582 -29880.4196232203 0.0000996703513576058
2455690 0.00516546647887349 2455690 0.00497094518899643 -26324.4271412883 0.000087808837209935
2455700 0.00526588402316156 2455700 0.00507120767975074 -22686.3810921236 0.0000756736218231469
2455710 0.00524417346322203 2455710 0.00504934206817106 -19035.169576562 0.0000634944911674928
2455720 0.00510083934571725 2455720 0.00490585290091194 -15458.7976205569 0.0000515649984115241
2455730 0.00484085770112296 2455730 0.00464571620837194 -12102.8879428066 0.0000403708886592691
2455740 0.00447220539441183 2455740 0.00427690885540006 -9001.07953132442 0.0000300243694967284
2455750 0.00400469694167236 2455750 0.00380924535793263 -6002.22445118161 0.0000200212656823462
2455760 0.00345226460796002 2455760 0.00325665798080909 -3968.75061199272 0.0000132383270695646
2455770 0.00283013702313861 2455770 0.00263437535365712 -2144.94161230612 0.00000715475508161756
2455780 0.00215525604109009 2455780 0.00195933933009599 -881.895397594179 0.00000294168640357917
2455790 0.00144736500582968 2455790 0.0012512932538348 -209.366715462247 0.000000698372190077734
2455800 0.000725787068234295 2455800 0.000529560275450853 -116.790031614276 0.000000389569612235796
2455810 0.0000111177801742288 2455810 -0.000185264053504897 -670.099782188254 0.00000223521227538104
2455820 -0.000675401536842448 2455820 -0.000871938411853728 -1820.79347213513 0.00000607351327075456
2455830 -0.00131443923890349 2455830 -0.00151113115598313 -3542.96937938708 0.0000118180737535001
2455840 -0.00188640340300337 2455840 -0.00208325036319137 -5842.1415393316 0.0000194872865658668
2455850 -0.00237369436765508 2455850 -0.00257069637226431 -8601.95307376184 0.0000286930269398633
2455860 -0.00276175974773691 2455860 -0.00295891679830588 -11776.909078095 0.0000392835402086567
2455870 -0.00303733078763525 2455870 -0.00323464288590821 -15295.3453113303 0.0000510197801951717
2455880 -0.00319153870257472 2455880 -0.00338900585043343 -19001.7356375271 0.000063382967551262
2455890 -0.00321911473808038 2455890 -0.00341673693748829 -22832.3104765445 0.0000761603898539187
2455900 -0.00311763019368 2455900 -0.00331540744663821 -26649.328660115 0.0000888925920214945
2455910 -0.00289026636783618 2455910 -0.00308819867629649 -30303.6611563124 0.000101082133147967
2455920 -0.00254339652790074 2455920 -0.00274148389371611 -33729.109951489 0.000112508200428074
2455930 -0.00208699862215625 2455930 -0.00228524104702493 -36766.3985688837 0.000122639504723243
2455940 -0.00153594282194596 2455940 -0.00173434030733564 -39323.1302900372 0.000131167843755553
2455950 -0.000906775372076805 2455950 -0.00110532791919862 -41354.7532118285 0.000137944608372464
2455960 -0.000219123891553027 2455960 -0.00041783150131379 -42740.0071809468 0.00014256531824075
2455970 0.000504997437484642 2455970 0.000306134764519463 -43475.5016992804 0.000145018663876062
2455980 0.00124401465678847 2455980 0.00104499692038791 -43552.3059810517 0.000145274855383626
2455990 0.00197483766626803 2455990 0.00177566486655915 -42929.8261619845 0.000143198486207363
2456000 0.00267520394881014 2456000 0.00247587608626516 -41689.7799763949 0.000139062137368362
2456010 0.00332504540167749 2456010 0.00312556247707982 -39853.6225329288 0.000132937375405651
2456020 0.0039046609764595 2456020 0.00370502299089801 -37468.5825160575 0.00012498173825326
2456030 0.0043978046069614 2456030 0.00419801156177685 -34665.3800320852 0.000115631261251026
2456040 0.00479113808468533 2456040 0.00459118998142529 -31481.6177936823 0.000105011373547237
2456050 0.00507329129070089 2456050 0.00487318813108923 -28030.0109772302 0.0000934980525001405
2456060 0.00523764548197831 2456060 0.00503738726784153 -24443.401341522 0.0000815344105205007
2456070 0.00528019372409166 2456070 0.0050797804573184 -20766.8138141351 0.0000692706346006045
2456080 0.00519997580289142 2456080 0.00499940748538518 -17143.9489908958 0.0000571860583327144
2456090 0.00500068404034944 2456090 0.00479996067395648 -13672.3279170577 0.0000456059769090578
2456100 0.00468782239415031 2456100 0.00448694398063157 -10404.1935485388 0.000034704654072848
2456110 0.00428200828962416 2456110 0.00408097483042087 -7479.39522648461 0.0000249485770135172
2456120 0.00377259741597754 2456120 0.003571408912696 -4941.66784061827 0.0000164836296202564
2456130 0.00318466229878844 2456130 0.00298331875264618 -2850.20077107104 0.00000950724641335388
2456140 0.00253504909100742 2456140 0.00233355050296077 -1308.94368529502 0.00000436616616050767
2456150 0.00184216391055437 2456150 0.00164051028127426 -307.987751696881 0.00000102733655726883
2456160 0.00112474653362877 2456160 0.000922937863495591 96.2340813438698 -0.000000321002342706933
2456170 0.000403862956214145 2456170 0.000201899245281636 -136.593237249174 0.000000455625995932074
2456180 -0.000300079477591843 2456180 -0.000502198229586358 -953.915769045643 0.00000318192050396959
2456190 -0.000967000275492105 2456190 -0.00116927406912265 -2388.97637378196 0.0000079687674257034
2456200 -0.00157637410188456 2456200 -0.00177880293804342 -4399.69565398802 0.0000146758049996976
2456210 -0.00211046981313804 2456210 -0.00231305369299241 -6904.6709061501 0.0000230315030345096
2456220 -0.00255274083572204 2456220 -0.00275547976069568 -9891.49149682267 0.0000329944641129787
2456230 -0.00288863188018786 2456230 -0.00309152585193022 -13236.6365838197 0.0000441526670554859
2456240 -0.00310794752008606 2456240 -0.00331099654040466 -16844.2923540726 0.0000561865113833937
2456250 -0.00320263516810981 2456250 -0.00340583923893702 -20646.8140628842 0.0000688703585161043
2456260 -0.00316885047063201 2456260 -0.00337220959395984 -24469.8921917981 0.0000816227744855347
2456270 -0.00300753159123898 2456270 -0.00321104576904486 -28223.7105487243 0.0000941441647231978
2456280 -0.00272232182468543 2456280 -0.00292599105889032 -31800.6941437679 0.000106075697687391
2456290 -0.00232204964572068 2456290 -0.00252587393810864 -35033.424745858 0.000116858926270447
2456300 -0.00181919854432028 2456300 -0.00202317789648182 -37865.8858698702 0.000126306999590597
2456310 -0.00122861344743698 2456310 -0.00143274786073243 -40187.3289602373 0.00013405050023052
2456320 -0.000569439307891568 2456320 -0.000773728783384413 -41898.9293239678 0.000139759784497206
2456330 0.000137969945554338 2456330 -0.0000664745928838 -42999.9579069622 0.000143432420527945
2456340 0.000872099765519614 2456340 0.000667500163721877 -43415.0129775166 0.000144816895218614
2456350 0.00160955507697909 2456350 0.00140480041177019 -43147.2000912259 0.000143923567587634
2456360 0.00232850140878776 2456360 0.00212359168045468 -42248.4150724245 0.000140925543471893
2456370 0.00300737489539899 2456370 0.00280231010456307 -40700.162008574 0.000135761127148082
2456380 0.00362561435911326 2456380 0.00342039450671465 -38597.1857938121 0.000128746353565079
2456390 0.00416616316120092 2456390 0.00396078824844421 -36017.4202142019 0.000120141181851219
2456400 0.00461330092381532 2456400 0.00440777095214889 -33000.6200498679 0.000110078219679122
2456410 0.00495461082954073 2456410 0.00474892580060544 -29692.5256723811 0.0000990436046005572
2456420 0.00518173912152104 2456420 0.00497589903708732 -26165.5990599152 0.0000872790437573823
2456430 0.0052882476295779 2456430 0.00508225249151597 -22506.3046768071 0.0000750729515577309
2456440 0.00527219805886519 2456440 0.00506604786907534 -18864.6168252002 0.0000629255884255775
2456450 0.00513505877900323 2456450 0.00492875353936298 -15289.8473262835 0.0000510014408910964
2456460 0.00488050232579815 2456460 0.00467404203812807 -11896.3923403716 0.0000396820934713826
2456470 0.00451673380917275 2456470 0.0043101184751662 -8801.08800997967 0.0000293572695880817
2456480 0.00405403166038284 2456480 0.00384726128157381 -6029.58588352402 0.0000201125335965724
2456490 0.00350499277652076 2456490 0.00329806735424792 -3702.1313648227 0.0000123489809901178
2456500 0.00288575623113354 2456500 0.00267867576648531 -1876.43881381968 0.00000625912615126456
2456510 0.00221303680202683 2456510 0.00200580129583247 -565.314873880753 0.00000188568744408091
2456520 0.00150566703805613 2456520 0.00129827649085291 138.669200907474 -0.000000462550665325523
2456530 0.000784197892126581 2456530 0.000576652304133111 244.034457363137 -0.000000814011329675068
2456540 0.0000683876816477508 2456540 -0.000139312947223712 -251.83988965289 0.000000840047449268688
2456550 -0.000620679781993784 2456550 -0.000828535452157892 -1386.93958690131 0.00000462633248399236
2456560 -0.00126259847727583 2456560 -0.00147060918946363 -3085.96832650626 0.0000102936823264121
2456570 -0.00183890544767428 2456570 -0.0020470712029031 -5334.81168223671 0.0000177950163183782
2456580 -0.00233132436272704 2456580 -0.00253964516229758 -8095.75039070385 0.0000270045165402522
2456590 -0.00272476176247306 2456590 -0.00293323760792005 -11243.0090746603 0.0000375026414929369
2456600 -0.00300693877309278 2456600 -0.00321556966614133 -14734.86155084 0.0000491502076107597
2456610 -0.0031676931930217 2456610 -0.00337647913555449 -18456.4551448923 0.0000615641076097129
2456620 -0.00320190556159141 2456620 -0.00341084655557051 -22263.9154103078 0.0000742644279940752
2456630 -0.00310762038731973 2456630 -0.00331671643473751 -26088.5021579213 0.0000870218761738206
2456640 -0.00288656894384728 2456640 -0.00309582004666928 -29767.3876766 0.000099293317367577
2456650 -0.00254587846559838 2456650 -0.00275528462567962 -33183.1239823256 0.000110686987270125
2456660 -0.00209529945986078 2456660 -0.00230486067890511 -36260.4035183475 0.000120951686911175
2456670 -0.00154863103522893 2456670 -0.00175834731472624 -38844.0332736175 0.000129569748127611
2456680 -0.000923501309119531 2456680 -0.00113337265028637 -40884.1198570225 0.000136374744480805
2456690 -0.000238682426420109 2456690 -0.000448708830181969 -42327.6366071256 0.00014118979806732
2456700 0.000484111151285123 2456700 0.000273929684339433 -43083.9910144565 0.000143712724802625
2456710 0.0012222796426473 2456710 0.00101194311227939 -43186.4094524281 0.000144054355938561
2456720 0.00195391481069806 2456720 0.00174342321700923 -42620.3824048826 0.000142166292938839
2456730 0.00265619492804895 2456730 0.00244554827149435 -41388.8755270187 0.000138058428164389
2456740 0.0033084606426639 2456740 0.00309765892401902 -39589.1194469785 0.00013205508808023
2456750 0.00389208962888306 2456750 0.00368113284921213 -37241.3175451668 0.000124223663909406
2456760 0.00438964895932623 2456760 0.00417853711996377 -34433.5187291659 0.000114857855193828
2456770 0.00478787310233732 2456770 0.00457660620482355 -31286.6020235856 0.00010436087095822
2456780 0.00507596224068878 2456780 0.00486454028673136 -27843.6115235373 0.0000928762908489755
2456790 0.00524592064706157 2456790 0.00503434363849213 -24244.0772026377 0.0000808695367601198
2456800 0.00529445438133165 2456800 0.00508272232003292 -20593.2961678397 0.0000686918420337301
2456810 0.00522044162576076 2456810 0.00500855451363284 -16950.1103131534 0.0000565394821011589
2456820 0.00502648406721134 2456820 0.004814441906114 -13464.4632513342 0.0000449126150176005
2456830 0.0047191561117233 2456830 0.00450695890341436 -10202.2121660723 0.0000340309167019548
2456840 0.00430665029201123 2456840 0.00409429803812151 -7235.26288037887 0.0000241342391621435
2456850 0.00380102630915495 2456850 0.00358851901112826 -4687.36367885707 0.0000156353622440264
2456860 0.00321677781021319 2456860 0.00300411546926862 -2578.37861191535 0.00000860054528761811
2456870 0.00256950231741864 2456870 0.00235668493453342 -985.461822001514 0.00000328714681008258
2456880 0.00187795183069157 2456880 0.0016649794065522 21.7296059881356 -0.0000000724821636044481
2456890 0.00116138480474636 2456890 0.000948257339740737 463.814548723544 -0.00000154711880284708
2456900 0.000439656798612832 2456900 0.000226374292820976 277.541974663576 -0.000000925780376581642
2456910 -0.000265818456404638 2456910 -0.000479256003234733 -534.141213733075 0.00000178170330666916
2456920 -0.000935111120461711 2456920 -0.00114870370889106 -1920.15899433346 0.00000640496097581433
2456930 -0.00154843410759074 2456930 -0.00176218173848717 -3902.69220704332 0.0000130179799487928
2456940 -0.00208674873948139 2456940 -0.00230065141400791 -6400.26527320044 0.0000213489869488326
2456950 -0.00253423834649078 2456950 -0.00274829606605567 -9340.71220375831 0.0000311572621475298
2456960 -0.00287632749557582 2456960 -0.00309054026181331 -12684.0891389423 0.0000423095671704399
2456970 -0.00310167824892847 2456970 -0.00331604606364863 -16284.090291609 0.0000543178784424558
2456980 -0.00320323387726203 2456980 -0.00341775674238432 -20058.3100877198 0.0000669073205561421
2456990 -0.00317634643002789 2456990 -0.00339102434754385 -23906.0450820029 0.0000797419829754453
2457000 -0.00302138175973706 2457000 -0.00323621473163255 -27656.1684459541 0.0000922510480432237
2457010 -0.00274286042299713 2457010 -0.00295784845118792 -31234.3417205291 0.000104186549351182
2457020 -0.00234829599387553 2457020 -0.00256343908016089 -34509.632548596 0.000115111743566931
2457030 -0.00185037033114029 2457030 -0.00206566847712286 -37345.2763352677 0.000124570433106985
2457040 -0.001264380446232 2457040 -0.00147983365327723 -39698.8789746237 0.000132421206455513
2457050 -0.000608126075725697 2457050 -0.000823734344923052 -41456.395980885 0.000138283652155402
2457060 0.0000971486144628867 2457060 -0.000118614717646664 -42566.7150622936 0.000141987277953115
2457070 0.000830056299397253 2457070 0.000614137903947052 -43034.5570672055 0.000143547830903756
2457080 0.00156808203601057 2457080 0.00135200857714036 -42800.9445360436 0.000142768583377917
2457090 0.00228814604357769 2457090 0.00207191752156598 -41915.0508437301 0.000139813560098734
2457100 0.0029693658601239 2457100 0.00275298227557296 -40422.3702589969 0.00013483451361207
2457110 0.00359128358525088 2457110 0.00337474493908022 -38332.3378594699 0.000127862915949239
2457120 0.00413570710089029 2457120 0.00391901339430146 -35767.5832408492 0.000119307815411585
2457130 0.00458793018094641 2457130 0.004371081415369 -32791.3693962535 0.000109380234629697
2457140 0.00493484151624193 2457140 0.00471783769330881 -29473.7504122523 0.0000983138488835911
2457150 0.00516746932845937 2457150 0.00495031044994255 -25962.9491336884 0.0000866030763645442
2457160 0.00528034523700356 2457160 0.0050630313047598 -22317.6875264953 0.000074443792466905
2457170 0.0052702988623005 2457170 0.00505282987823574 -18649.8418145727 0.0000622091761046661
2457180 0.00513890042316995 2457180 0.00492127638916577 -15089.1085540025 0.0000503318484216253
2457190 0.00489035118083555 2457190 0.00467257209870841 -11680.1680883753 0.0000389608470016123
2457200 0.00453152169877917 2457200 0.00431358757023898 -8551.71031946286 0.0000285254351510833
2457210 0.00408502177743357 2457210 0.00386693260383968 -5786.68994459668 0.0000193023199556164
2457220 0.00354014955007381 2457220 0.00332190533295149 -3418.56199010009 0.0000114030953710653
2457230 0.00292363492888508 2457230 0.00270523566934518 -1562.55164821161 0.00000521211126736087
2457240 0.0022533076815498 2457240 0.00203475338042669 -242.775007615009 0.000000809810257518251
2457250 0.0015472029584884 2457250 0.0013284936163368 515.109488199528 -0.00000171822030359259
2457260 0.000825568379840251 2457260 0.000606703996900968 640.442936938521 -0.00000213628768785945
2457270 0.000109213189542219 2457270 -0.000109806234266607 169.082181997139 -0.000000563997450520048
2457280 -0.000581922432165515 2457280 -0.000801096897234919 -912.683207655438 0.00000304438348364133
2457290 -0.00122694725868873 2457290 -0.00144627676573367 -2605.0488175909 0.00000868950751786723
2457300 -0.00180679425146767 2457300 -0.00202627880149873 -4819.14893475195 0.0000160749505404567
2457310 -0.00230423860412066 2457310 -0.00252387819841552 -7542.9529654196 0.0000251605828103241
2457320 -0.00270306284759284 2457320 -0.00292285748768063 -10695.7836200803 0.000035677293856673
2457330 -0.00299103390584544 2457330 -0.00321098359344496 -14153.7146097148 0.0000472117100748237
2457340 -0.00315854860656968 2457340 -0.00337865334354862 -17866.9920956587 0.0000595978705230094
2457350 -0.00319910368256395 2457350 -0.00341936347089084 -21688.7649890383 0.0000723459326953391
2457360 -0.00311139037390012 2457360 -0.0033318052155638 -25492.3733590958 0.0000850334045398027
2457370 -0.00289699505253841 2457370 -0.00311756494950311 -29196.0682781127 0.0000973876009853214
2457380 -0.00256189756387237 2457380 -0.00278262251800958 -32630.5211362819 0.000108843702586681
2457390 -0.00211683313968381 2457390 -0.00233771315269861 -35707.7790868923 0.000119108330226547
2457400 -0.00157480394205112 2457400 -0.00179583901544697 -38341.6553327838 0.000127893995694794
2457410 -0.000952958026255743 2457410 -0.0011741481612702 -40399.9310114974 0.000134759664339179
2457420 -0.000271023317519652 2457420 -0.000492368515084416 -41865.0722974662 0.000139646849613095
2457430 0.000450452704168877 2457430 0.000228952443440712 -42679.3692411625 0.000142363051845562
2457440 0.00118850464026711 2457440 0.000966849316118532 -42794.6915315571 0.000142747725600079
2457450 0.00192064339232635 2457450 0.00169883300484905 -42265.8195647544 0.000140983598609257
2457460 0.00262517830799717 2457460 0.00240321285761914 -41080.0992351537 0.000137028461320243
2457470 0.00328039093959539 2457470 0.00305827042708138 -39285.3097083586 0.000131041687874478
2457480 0.00386766701613133 2457480 0.00364539144253472 -36979.9589381417 0.000123351865436661
2457490 0.00437027140317607 2457490 0.00414784076980971 -34192.4650461656 0.000114053786657187
2457500 0.00477359383627049 2457500 0.00455100814467376 -31043.555430648 0.000103550154789578
2457510 0.00506743519708004 2457510 0.00484469444895047 -27636.4582278781 0.0000921853018326368
2457520 0.00524379933492036 2457520 0.00502090353207946 -24028.4937847654 0.0000801504278828968
2457530 0.00529824665394416 2457530 0.00507519579828228 -20372.3702228598 0.0000679549124043
2457540 0.00523062423798809 2457540 0.00500741833139792 -16747.1580723754 0.0000558625062955231
2457550 0.00504280694356663 2457550 0.00481944598791184 -13229.5496595724 0.0000441290276207429
2457560 0.00474080578911657 2457560 0.00451728978616759 -9961.98277530436 0.0000332295977082397
2457570 0.00433376979728454 2457570 0.00411009874866997 -6987.62865502634 0.0000233082202989454
2457580 0.00383254892268671 2457580 0.00360872282986689 -4394.50778687735 0.0000146585001377098
2457590 0.00325181997499249 2457590 0.00302783883920022 -2280.91589913093 0.00000760831648116689
2457600 0.00260773643916526 2457600 0.00238360026138287 -655.226608182971 0.00000218560070708307
2457610 0.0019177921197793 2457610 0.00169350090071786 398.112904350788 -0.00000132796170726479
2457620 0.00120208636141607 2457620 0.000977640101475006 846.352631025435 -0.00000282312849586575
2457630 0.000480399644521115 2457630 0.000255798343793177 709.775890450741 -0.00000236755752691664
2457640 -0.000226702940664954 2457640 -0.000451459282405899 -66.9562797076302 0.000000223342108585101
2457650 -0.000898093455334818 2457650 -0.00112300483864249 -1442.45695392089 0.00000481151848696904
2457660 -0.00151466074328966 2457660 -0.00173972716901411 -3372.85159292862 0.0000112506218983288
2457670 -0.00205749448206527 2457670 -0.00228271595134975 -5856.08401451033 0.000019533793657045
2457680 -0.00250963757809797 2457680 -0.00273501409234865 -8781.84823757611 0.0000292930926153456
2457690 -0.00285751497039647 2457690 -0.00308304653123001 -12086.8180831284 0.0000403172853772338
2457700 -0.00308914018715034 2457700 -0.00331482679636926 -15696.9480810616 0.0000523593828403168
2457710 -0.00319677143767674 2457710 -0.00342261309720359 -19456.8609658081 0.0000649011022345602
2457720 -0.00317668916971452 2457720 -0.00340268588152952 -23292.7250820556 0.0000776961676669519
2457730 -0.00302804923658824 2457730 -0.00325420100268471 -27073.5774254213 0.0000903077335768776
2457740 -0.00275538651118469 2457740 -0.00298169333348562 -30644.1530496386 0.000102217891851164
2457750 -0.00236672060183459 2457750 -0.00259318248213863 -33939.0731973433 0.000113208562429357
2457760 -0.00186180684038115 2457760 -0.00208842378049075 -36814.991589134 0.000122801593591571
2457770 -0.00127979620722141 2457770 -0.00150656820833197 -39171.8113743078 0.000130663098183437
2457780 -0.000626819628459426 2457780 -0.00085374669167129 -40975.1503965209 0.000136678389676237
2457790 0.0000768897103382691 2457790 -0.000150192415761519 -42121.4003332429 0.000140501867906373
2457800 0.000808821145020598 2457800 0.000581583955595296 -42603.0577709102 0.000142108504180283
2457810 0.00154711390987686 2457810 0.00131972165702741 -42427.0872497266 0.000141521529703481
2457820 0.0022689910975935 2457820 0.00204144378157443 -41561.8527094284 0.000138635417937794
2457830 0.00295245837668757 2457830 0.00272475599809444 -40089.9670046018 0.000133725735704138
2457840 0.003578044904624 2457840 0.00335018746435425 -38050.9080677707 0.00012692416721094
2457850 0.00412704439964342 2457850 0.00389903189888455 -35487.533855972 0.000118373671214811
2457860 0.00458406623598979 2457860 0.00435589867616793 -32534.444486764 0.000108523225380019
2457870 0.00493697796259617 2457870 0.00470865534532558 -29245.17863414 0.0000975514155000523
2457880 0.00517566371574281 2457880 0.00494718604279457 -25719.4589062558 0.0000857908803905127
2457890 0.00529463418803888 2457890 0.00506600146126921 -22094.7566258595 0.0000737001750252819
2457900 0.00529132773712554 2457900 0.00506253995843036 -18424.5363391656 0.0000614576379341925
2457910 0.00516595224444767 2457910 0.0049370094157197 -14839.7526473011 0.0000495000866476136
2457920 0.00492333204160505 2457920 0.00469423416466218 -11443.1934653981 0.0000381703847446291
2457930 0.00457031835215384 2457930 0.00434106542870774 -8283.53722041543 0.0000276309059796809
2457940 0.00411684632453115 2457940 0.00388743835613945 -5493.3900971677 0.0000183239769733223
2457950 0.00357637369490636 2457950 0.00334681068291802 -3123.26579220303 0.0000104180932803954
2457960 0.00296337181475538 2457960 0.00273365376029499 -1217.16046320181 0.00000406001028618874
2457970 0.00229520395203659 2457970 0.0020653308559595 122.752993863268 -0.000000409459913308652
2457980 0.00159092174013117 2457980 0.00136089360299735 900.740271984329 -0.0000030045461383299
2457990 0.000869653106282151 2457990 0.000639469928354969 1080.70434283717 -0.00000360484166295194
2458000 0.000152520391625514 2458000 -0.000077817827159155 620.883129103295 -0.00000207104319183138
2458010 -0.000539891397078652 2458010 -0.000770384657104111 -424.908035343249 0.00000141734064351695
2458020 -0.00118782293123451 2458020 -0.00141847123319043 -2072.91687423961 0.00000691450641576719
2458030 -0.00177123470095872 2458030 -0.0020020380458455 -4284.60582781426 0.0000142919066623559
2458040 -0.00227285712952177 2458040 -0.00250381551860757 -6966.46503872006 0.0000232376260737022
2458050 -0.0026771731528028 2458050 -0.00290828658759637 -10097.6334535314 0.0000336820796656978
2458060 -0.00297064821772934 2458060 -0.0032019166999493 -13560.7034089743 0.00004523363762865
2458070 -0.00314423276388907 2458070 -0.00337565629539433 -17240.4964713777 0.0000575081060624205
2458080 -0.00319141515693789 2458080 -0.00342299373968836 -21070.3349971982 0.0000702830722886238
2458090 -0.00310969688703579 2458090 -0.00334143052303008 -24883.9456994088 0.0000830039083218326
2458100 -0.00290159426462481 2458100 -0.00313348295582255 -28575.2337372124 0.0000953167198662896
2458110 -0.00257236782245986 2458110 -0.00280441157073909 -32045.8885050435 0.000106893578040057
2458120 -0.00213209405387709 2458120 -0.00236429286095962 -35135.1291400232 0.000117198175612621
2458130 -0.00159472699263821 2458130 -0.0018270808600295 -37782.8178940027 0.000126029914648496
2458140 -0.000976245615658387 2458140 -0.00120875454461612 -39893.8862773269 0.000133071680800345
2458150 -0.000296499121057017 2458150 -0.00052916311253113 -41370.4549435655 0.000137996983711863
2458160 0.000423346394122294 2458160 0.000190527339510062 -42220.618772234 0.000140832824994663
2458170 0.00116153047643221 2458170 0.000928556358397518 -42387.1186355043 0.000141388208757087
2458180 0.00189469877440829 2458180 0.0016615695930289 -41867.2225175777 0.000139654021975355
2458190 0.00260110290816863 2458190 0.00236781866385954 -40728.3418926006 0.000135855125123263
2458200 0.00325984764122345 2458200 0.00302640833472362 -38965.718544032 0.000129975646498859
2458210 0.00385103590785413 2458210 0.00361744154021104 -36666.0588236299 0.000122304807359863
2458220 0.0043584543781132 2458220 0.00412470495062571 -33922.6962855857 0.000113153934931831
2458230 0.00476764747837452 2458230 0.00453374299256563 -30777.8813329666 0.000102663961389471
2458240 0.00506720323958337 2458240 0.00483314369715305 -27373.6191052357 0.0000913085648913681
2458250 0.00525003049418209 2458250 0.00501581589694021 -23794.6036885406 0.0000793702544996666
2458260 0.00531110956781641 2458260 0.00507673991765073 -20116.5281097522 0.0000671015149745768
2458270 0.00524958726389173 2458270 0.00501506256270318 -16492.2930617916 0.0000550123681289927
2458280 0.00506828431677561 2458280 0.00483360456642143 -12979.6496580055 0.0000432954509416161
2458290 0.00477207808538048 2458290 0.00453724328764226 -9673.97793465261 0.0000322689169673929
2458300 0.00437015466473146 2458300 0.00413516482124838 -6698.92130541612 0.0000223451962404475
2458310 0.00387398176165177 2458310 0.00363883687388517 -4083.67356992681 0.0000136216687943724
2458320 0.00329693183798139 2458320 0.00306163190718529 -1928.0172280036 0.00000643117322185471
2458330 0.00265587761455267 2458330 0.00242042264171948 -298.23189984206 0.000000994794538300425
2458340 0.0019683428912575 2458340 0.0017327328771079 799.935206207453 -0.00000266829663275736
2458350 0.00125341510904023 2458350 0.00101765005399895 1283.51613779999 -0.00000428134899177479
2458360 0.000531991733296431 2458360 0.000296071637464191 1157.30845587831 -0.00000386036547950219
2458370 -0.000175956866418944 2458370 -0.000412032003251072 435.884561794726 -0.00000145395439465901
2458380 -0.000849648215227226 2458380 -0.00108587839359041 -918.642404924628 0.00000306426122609338
2458390 -0.00146885151908133 2458390 -0.00170523673982042 -2831.02357778544 0.00000944327818208635
2458400 -0.00201565469373281 2458400 -0.00225219495797038 -5265.27476256299 0.0000175630661214399
2458410 -0.00247264134387207 2458410 -0.00270933665300074 -8188.91805682582 0.0000273152904227691
2458420 -0.00282548771559871 2458420 -0.0030623380712332 -11471.380481678 0.0000382644065104465
2458430 -0.00306321131236033 2458430 -0.00330021671628563 -15054.837021757 0.0000502175308951802
2458440 -0.00317696315424796 2458440 -0.00341412360838629 -18831.8654947968 0.0000628163417466521
2458450 -0.00316289128046218 2458450 -0.00340020678679548 -22648.5408399749 0.0000755474003284462
2458460 -0.0030207591058911 2458460 -0.00325822966640495 -26434.375707445 0.000088175586149819
2458470 -0.00275373972781217 2458470 -0.00299136534444299 -30036.1883245031 0.000100189939816642
2458480 -0.00237038007209517 2458480 -0.00260816074664683 -33323.8732063649 0.000111156476145791
2458490 -0.00188199003951072 2458490 -0.00211992577361173 -36235.2385102784 0.000120867745479702
2458500 -0.00130344328523658 2458500 -0.00154153408028485 -38626.7198849039 0.000128844868688804
2458510 -0.000653451198226827 2458510 -0.000891697055330119 -40438.7450606377 0.000134889134071003
2458520 0.0000483856415101507 2458520 -0.000190015278452033 -41639.1996081713 0.000138893419420749
2458530 0.000780050412136086 2458530 0.000541494428852524 -42146.6323770773 0.000140586032945089
2458540 0.00151856992295967 2458540 0.00127985887624844 -41992.9412469532 0.000140073374517491
2458550 0.00224218547762474 2458550 0.00200331936771694 -41183.1082226786 0.000137372062317453
2458560 0.0029285900944227 2458560 0.00268956892189529 -39720.5591212759 0.000132493523640531
2458570 0.00355752535556652 2458570 0.00331834912131057 -37710.9831266894 0.000125790299656869
2458580 0.00411133528962418 2458580 0.00387200399480453 -35186.9562857115 0.000117371052362203
2458590 0.00457362103980288 2458590 0.00433413468583862 -32227.2030619162 0.000107498378301152
2458600 0.00493209100576539 2458600 0.00469244959426622 -28966.9171118525 0.0000966232349709495
2458610 0.00517734372002091 2458610 0.00493754725274227 -25452.9040338233 0.0000849017490420767
2458620 0.00530254503115369 2458620 0.00506259350995701 -21811.9034058589 0.0000727566782412481
2458630 0.00530564398459571 2458630 0.0050655374113742 -18162.8174439963 0.0000605846376695585
2458640 0.00518695845760546 2458640 0.00494669683424742 -14559.3252660471 0.000048564681590646
2458650 0.00495010743018874 2458650 0.00470969075852636 -11144.1376826127 0.0000371728420286432
2458660 0.00460289269763543 2458660 0.0043623209793799 -7991.24035587716 0.0000266559085881912
2458670 0.00415468190076752 2458670 0.00391395513748482 -5158.45015589526 0.0000172067375887597
2458680 0.00361828903972908 2458680 0.00337740723278649 -2772.11806078231 0.00000924679052727306
2458690 0.00300918951824074 2458690 0.00276815266876559 -853.693849473445 0.00000284761616475837
2458700 0.00234366822300638 2458700 0.00210247633187349 539.817202263966 -0.00000180063636645578
2458710 0.00164090815603017 2458710 0.00139956122381695 1329.92373715166 -0.0000044361480806554
2458720 0.000920712975325378 2458720 0.000679211002302147 1541.82241421163 -0.00000514296598552733
2458730 0.000202989413419486 2458730 -0.0000386676004520711 1131.40987029514 -0.00000377397709683258
2458740 -0.000490832461176267 2458740 -0.000732644516266751 93.7309848575677 -0.000000312652911560463
2458750 -0.00114088494161907 2458750 -0.00138285203860713 -1509.0361279222 0.00000503360270631692
2458760 -0.00172802020808068 2458760 -0.00197014234794187 -3688.81133425237 0.0000123045501506658
2458770 -0.00223370896029438 2458770 -0.00247598614429154 -6366.46235972125 0.0000212362325663351
2458780 -0.00264291587640983 2458780 -0.00288534810603893 -9452.87318831295 0.0000315313909208248
2458790 -0.00294230834581865 2458790 -0.00318489562278238 -12910.4120704684 0.0000430644992092111
2458800 -0.00312159283502167 2458800 -0.00336433516118233 -16590.2219987952 0.000055339023901646
2458810 -0.00317513939512841 2458810 -0.00341803677243559 -20392.5230302577 0.0000680221349339538
2458820 -0.003099862285246 2458820 -0.00334291471569713 -24228.9121584901 0.0000808189516178226
2458830 -0.00289747551953967 2458830 -0.00314068300510562 -27924.30932603 0.0000931454697437051
2458840 -0.00257419298801067 2458840 -0.00281755553056595 -31396.0043096056 0.000104725797703709
2458850 -0.00213893593324153 2458850 -0.00238245353452233 -34529.332812165 0.000115177456572857
2458860 -0.00160558088698108 2458860 -0.00184925354850843 -37183.8218350319 0.000124031878864117
2458870 -0.000990779480212594 2458870 -0.00123460720324934 -39324.4836268681 0.000131172358001308
2458880 -0.000313093190811315 2458880 -0.00055707597633249 -40851.6370297093 0.000136266393431783
2458890 0.000405632809251465 2458890 0.000161494960609529 -41709.5402700536 0.000139128050613113
2458900 0.00114350643116954 2458900 0.000899213519109952 -41923.6548855902 0.000139842260093115
2458910 0.00187813490760953 2458910 0.00163368693218261 -41443.6722717519 0.000138241210430157
2458920 0.00258658290265955 2458920 0.00234197986427124 -40312.9733220254 0.000134469604709087
2458930 0.00324843372448037 2458930 0.00300367562385316 -38600.7735686377 0.000128758321093714
2458940 0.00384410320266911 2458940 0.00359919004082915 -36317.9335827333 0.00012114358654991
2458950 0.00435612652057016 2458950 0.00411105829881441 -33583.6781621132 0.000112023092195712
2458960 0.00477096829832441 2458960 0.00452574501815968 -30477.7490265023 0.000101662827777016
2458970 0.0050767753854443 2458970 0.0048313970485612 -27064.0636014444 0.0000902759988760105
2458980 0.00526560605835196 2458980 0.00502007266656423 -23494.6131490528 0.0000783695937709439
2458990 0.00533344901481325 2458990 0.00508776056999683 -19833.2207896791 0.000066156503475745
2459000 0.00527839057284455 2459000 0.00503254707690505 -16179.4901987171 0.0000539689700890245
2459010 0.00510310540179245 2459010 0.00485710685659401 -12674.2943354661 0.0000422768952228481
2459020 0.00481317259488773 2459020 0.00456701900220798 -9357.66712878277 0.0000312138176897792
2459030 0.00441644615369981 2459030 0.00417013751519461 -6344.71512278516 0.0000211636915922186
2459040 0.00392497755679852 2459040 0.00367851387393687 -3731.14300900056 0.0000124457534185218
2459050 0.00335225592182873 2459050 0.00310563719587047 -1538.03290562543 0.0000051303255454993
2459060 0.00271400694269086 2459060 0.002467233174652 126.507915612531 -0.000000421984984066981
2459070 0.00202881424712955 2459070 0.00178188543773797 1232.71929824874 -0.00000411190897353642
2459080 0.00131523743032427 2459080 0.00106815358002006 1770.96850008896 -0.00000590731505356601
2459090 0.00059362565608902 2459090 0.000346386764996779 1668.60418808711 -0.00000556586446243124
2459100 -0.000114924643525396 2459100 -0.000362318575608197 966.020189292925 -0.00000322229650384642
2459110 -0.000790620853603394 2459110 -0.00103816982718616 -331.88360207616 0.00000110704453437638
2459120 -0.00141296678025081 2459120 -0.00166067079616075 -2234.86315842834 0.00000745470107332835
2459130 -0.00196325742280899 2459130 -0.00221111648216334 -4642.03785970424 0.0000154841715854781
2459140 -0.00242516086535384 2459140 -0.00267317496952306 -7524.92299480982 0.0000251004413019951
2459150 -0.00278334991652779 2459150 -0.00303151906711999 -10813.00753661 0.0000360683107532012
2459160 -0.00302663605865312 2459160 -0.00327496025744989 -14368.3140109843 0.000047927536625969
2459170 -0.00314692519274938 2459170 -0.00339540444165782 -18134.2653476587 0.0000604893981277499
2459180 -0.00313897473297161 2459180 -0.00338760903398009 -21969.7059005832 0.0000732830507049753
2459190 -0.00300297905364699 2459190 -0.00325176840874089 -25736.3899294932 0.0000858473562049822
2459200 -0.00274223015248952 2459200 -0.00299117456360315 -29360.7584749079 0.0000979369483501413
2459210 -0.00236400149054992 2459210 -0.00261310095950483 -32674.8408134598 0.000108991537116854
2459220 -0.00188051676840102 2459220 -0.00212977129682923 -35584.5937446199 0.00011869742815418
2459230 -0.00130607222072913 2459230 -0.00155548181004099 -38024.4185693432 0.000126835807755188
2459240 -0.000658683054961032 2459240 -0.00090824770628756 -39861.6441029775 0.000132964132483204
2459250 0.0000409734966654277 2459250 -0.000208746217486185 -41080.5250862616 0.000137029881806638
2459260 0.000771943091721901 2459260 0.000522068314259688 -41645.5246814101 0.000138914517594069
2459270 0.00151113196946465 2459270 0.0012611021285644 -41507.0347746934 0.000138452564989788
2459280 0.00223593883324695 2459280 0.00198575392913165 -40730.622501307 0.00013586273241506
2459290 0.00292521652793335 2459290 0.00267487656115389 -39316.3197378337 0.000131145126198717
2459300 0.0035578307541774 2459300 0.00330733572561236 -37308.0731008732 0.000124446336474793
2459310 0.00411584859363092 2459310 0.00386519850443694 -34822.3925850668 0.000116154998752727
2459320 0.00458371270750514 2459320 0.00433290755908006 -31887.4231013476 0.000106364994350017
2459330 0.0049478194533248 2459330 0.0046968592472774 -28617.6665630333 0.0000954582605378063
2459340 0.00519917246890924 2459340 0.00494805720698779 -25135.6959603223 0.0000838436568018075
2459350 0.00533115570898016 2459350 0.00507988539303551 -21489.6608403289 0.0000716817927431945
2459360 0.0053404293180959 2459360 0.00508900395003068 -17827.1854368764 0.0000594650898018134
2459370 0.00522823116666209 2459370 0.00497665074835975 -14239.9385247667 0.0000474993220969111
2459380 0.00499767976082128 2459380 0.00474594429411692 -10792.2630926481 0.0000359991147363958
2459390 0.00465576188606797 2459390 0.00440387137268834 -7627.47532521263 0.0000254425190550078
2459400 0.00421289861279737 2459400 0.00396085305430765 -4789.33174938431 0.0000159754911158716
2459410 0.00368083679498121 2459410 0.00342863619276445 -2353.34661666892 0.000007849919348768
2459420 0.00307499875990268 2459420 0.00282264311510278 -425.882376256127 0.00000142059069496714
2459430 0.00241243133676262 2459430 0.00215992065025919 995.340248848379 -0.00000332009769521413
2459440 0.00171104011625493 2459440 0.00145837438864994 1837.00831259235 -0.00000612760015661351
2459450 0.00099135006237376 2459450 0.000738529293950931 2056.65513995014 -0.00000686026310892096
2459460 0.000273447722898572 2459460 0.0000204719136301882 1691.11848751896 -0.00000564096408162129
2459470 -0.000422275627964016 2459470 -0.000675406478421843 691.919507749806 -0.00000230799504552515
2459480 -0.00107472951739127 2459480 -0.00132801540970945 -902.577983328666 0.00000301067608354799
2459490 -0.0016652188246374 2459490 -0.00191865975977669 -3031.40010271357 0.0000101116623244524
2459500 -0.00217562386043339 2459500 -0.00242921983963553 -5693.53685920923 0.0000189915947091945
2459510 -0.00258962988411991 2459510 -0.00284338090887957 -8771.26728612746 0.0000292577983603826
2459520 -0.00289479795721287 2459520 -0.0031487040292176 -12187.2076561015 0.000040652148947995
2459530 -0.00308042993362589 2459530 -0.00333449105472914 -15877.3829722609 0.0000529612488525677
2459540 -0.00314000299520883 2459540 -0.00339421916736516 -19672.9057577279 0.0000656217500899503
2459550 -0.00307142056586869 2459550 -0.00332579179106517 -23492.4045955189 0.0000783622268293316
2459560 -0.00287529271189419 2459560 -0.00312981899210845 -27220.2362478022 0.0000907969347507809
2459570 -0.002557624300612 2459570 -0.00281230563772855 -30689.9215303722 0.000102370559069809
2459580 -0.00212805176636781 2459580 -0.00238288816212174 -33839.2092378571 0.000112875452116468
2459590 -0.00159904779334069 2459590 -0.00185403924927369 -36538.1791844334 0.000121878246798435
2459600 -0.000987806054906787 2459600 -0.00124295257229399 -38682.9998515812 0.000129032598450429
2459610 -0.000313061002862574 2459610 -0.000568362582688603 -40254.3488490586 0.00013427405451627
2459620 0.000404513909696773 2459620 0.000149057266767831 -41154.3442219293 0.000137276115938612
2459630 0.00114192173794263 2459630 0.000886310031603263 -41378.1809849998 0.000138022755012068
2459640 0.00187722026723018 2459640 0.00162145349751309 -40954.7212167796 0.000136610245267677
2459650 0.00258798252380328 2459650 0.0023320606910889 -39849.8342837958 0.000132924739166707
2459660 0.00325252350341833 2459660 0.00299644660842335 -38151.7374344057 0.00012726049777545
2459670 0.00385219265962979 2459670 0.00359596070336005 -35918.5645004836 0.000119811434684203
2459680 0.00436920758058592 2459680 0.00411282056432299 -33186.4134669925 0.000110697959809891
2459690 0.00478906966031546 2459690 0.00453252758556571 -30097.5026158592 0.000100394462277831
2459700 0.00510100694804467 2459700 0.0048443098164815 -26711.9615451318 0.0000891015128376971
2459710 0.0052960689369521 2459710 0.00503921675038768 -23122.7315085774 0.0000771291301416843
2459720 0.00536994057599601 2459720 0.00511293333630943 -19478.0448894671 0.0000649717641978409
2459730 0.00532151981055485 2459730 0.00506435751964227 -15824.0774350513 0.0000527834407196837
2459740 0.00515213381002177 2459740 0.00489481646975878 -12286.4843779571 0.0000409833004469951
2459750 0.00486781498072829 2459750 0.00461034259289695 -8980.63539221384 0.0000299561751890831
2459760 0.00447662611467304 2459760 0.00421899868093038 -5939.49765172293 0.0000198120316012851
2459770 0.00398938152221102 2459770 0.00373159904404642 -3298.16291607422 0.0000110014872891639
2459780 0.00342058461878874 2459780 0.00316264709746668 -1098.28799802056 0.00000366349442326719
2459790 0.00278546272045773 2459790 0.00252737015700658 615.604824460504 -0.00000205343666270785
2459800 0.00210189521779004 2459800 0.00184364761296097 1746.66119957124 -0.00000582623462652698
2459810 0.00138960873173838 2459810 0.00113120608597668 2301.69228221548 -0.00000767761903541775
2459820 0.000667916323845013 2459820 0.000409358637296524 2257.22613461563 -0.00000752929593250684
2459830 -0.0000419959235951075 2459830 -0.000300708651113039 1567.28876901014 -0.00000522791260149091
2459840 -0.000719464912486122 2459840 -0.000978332681476534 299.828355056401 -0.00000100011973969139
2459850 -0.00134518889012756 2459850 -0.00160421170139277 -1553.21654168644 0.0000051809727037444
2459860 -0.00189958467798986 2459860 -0.00215876253263582 -3959.24040058983 0.0000132066044189472
2459870 -0.00236605262578375 2459870 -0.00262538552517381 -6805.52015222169 0.0000227007717192862
2459880 -0.00273017160377353 2459880 -0.00298965954949462 -10067.6743198247 0.00003358214675242
2459890 -0.00297937962837668 2459890 -0.00323902262221053 -13630.9772939382 0.0000454680460771906
2459900 -0.00310597528437805 2459900 -0.00336577332822578 -17365.5327687913 0.0000579251822565574
2459910 -0.00310498307130938 2459910 -0.00336493616714927 -21208.4358910498 0.0000707437272856604
2459920 -0.00297521671647417 2459920 -0.00323532486630288 -24989.7962462774 0.0000833569877407569
2459930 -0.00272084324889952 2459930 -0.00298110645464911 -28599.4704060327 0.0000953975646913463
2459940 -0.00234864488928278 2459940 -0.00260906315278015 -31952.3381861623 0.000106581527765326
2459950 -0.00186996291959464 2459950 -0.00213053624249085 -34879.9481571425 0.000116346983475957
2459960 -0.00130012965814124 2459960 -0.0015608580418496 -37328.5545472597 0.000124514655226116
2459970 -0.000656077464271261 2459970 -0.000916960909942544 -39222.2454862564 0.000130831328272629
2459980 0.0000415741641628464 2459980 -0.000219464344302436 -40456.6611945113 0.000134948895860854
2459990 0.000771037074752064 2459990 0.000509843502999544 -41052.5463876808 0.000136936554913869
2460000 0.00151049867792919 2460000 0.0012491500427344 -40968.472562335 0.000136656114819056
